0 0.489063 0.358333 0.059375 0.111111
0 0.605469 0.581944 0.045312 0.108333
0 0.671875 0.368056 0.053125 0.058333
0 0.366406 0.295833 0.048438 0.125000
0 0.126562 0.143056 0.046875 0.086111
0 0.389844 0.186111 0.042188 0.077778
0 0.297656 0.465278 0.032813 0.080556
0 0.095312 0.579167 0.040625 0.058333
0 0.971094 0.440278 0.042188 0.086111
0 0.800000 0.812500 0.034375 0.069444
0 0.442188 0.586111 0.028125 0.044444
0 0.380469 0.922222 0.064062 0.100000
0 0.357812 0.609722 0.012500 0.030556
0 0.552344 0.586111 0.026562 0.027778
