0 0.521094 0.390278 0.051562 0.102778
0 0.500000 0.516667 0.050000 0.127778
0 0.635938 0.588889 0.068750 0.127778
0 0.836719 0.563889 0.057813 0.061111
0 0.768750 0.805556 0.046875 0.116667
0 0.432031 0.668056 0.035937 0.086111
0 0.222656 0.820833 0.042188 0.063889
0 0.032813 0.877778 0.065625 0.105556
0 0.250000 0.375000 0.040625 0.111111
0 0.497656 0.798611 0.020313 0.041667
0 0.019531 0.587500 0.039062 0.097222
0 0.586719 0.808333 0.039062 0.083333
0 0.509375 0.691667 0.015625 0.038889
0 0.293750 0.638889 0.021875 0.027778
0 0.320312 0.523611 0.012500 0.025000
0 0.282813 0.533333 0.015625 0.022222
0 0.232813 0.493056 0.012500 0.025000
0 0.633594 0.829167 0.014063 0.025000
