0 0.547656 0.380556 0.054688 0.088889
0 0.543750 0.741667 0.037500 0.066667
0 0.508594 0.898611 0.032813 0.069444
0 0.290625 0.820833 0.040625 0.063889
0 0.878125 0.722222 0.043750 0.072222
0 0.875000 0.627778 0.031250 0.061111
0 0.804688 0.722222 0.034375 0.055556
0 0.650781 0.680556 0.042188 0.066667
0 0.678125 0.562500 0.028125 0.058333
0 0.887500 0.211111 0.034375 0.044444
0 0.978906 0.594444 0.035937 0.088889
0 0.103125 0.818056 0.046875 0.069444
0 0.505469 0.459722 0.023438 0.069444
0 0.407031 0.138889 0.026562 0.044444
