0 0.343750 0.298611 0.071875 0.086111
0 0.345313 0.691667 0.043750 0.072222
0 0.306250 0.894444 0.031250 0.072222
0 0.050000 0.812500 0.050000 0.080556
0 0.603125 0.693056 0.031250 0.069444
0 0.675781 0.655556 0.045312 0.088889
0 0.936719 0.608333 0.045312 0.088889
0 0.921094 0.277778 0.042188 0.105556
0 0.777344 0.526389 0.042188 0.091667
0 0.663281 0.565278 0.035937 0.052778
0 0.472656 0.529167 0.042188 0.075000
0 0.453906 0.616667 0.042188 0.072222
0 0.154688 0.769444 0.043750 0.083333
0 0.178125 0.043056 0.028125 0.052778
0 0.294531 0.394444 0.023438 0.066667
