0 0.875000 0.611111 0.040625 0.083333
0 0.292187 0.315278 0.053125 0.097222
0 0.418750 0.536111 0.037500 0.066667
0 0.415625 0.618056 0.034375 0.063889
0 0.292187 0.705556 0.043750 0.066667
0 0.256250 0.905556 0.037500 0.077778
0 0.553906 0.693056 0.032813 0.058333
0 0.625000 0.661111 0.037500 0.083333
0 0.611719 0.573611 0.032813 0.041667
0 0.977344 0.925000 0.039062 0.100000
0 0.863281 0.284722 0.045312 0.097222
0 0.247656 0.406944 0.026562 0.080556
0 0.728906 0.525000 0.045312 0.088889
0 0.104688 0.783333 0.053125 0.077778
0 0.128125 0.048611 0.031250 0.058333
