0 0.821094 0.618056 0.048438 0.080556
0 0.577344 0.666667 0.042188 0.072222
0 0.503906 0.701389 0.029687 0.069444
0 0.253906 0.713889 0.048438 0.077778
0 0.251563 0.323611 0.050000 0.086111
0 0.198437 0.419444 0.037500 0.083333
0 0.371094 0.550000 0.029687 0.055556
0 0.370312 0.633333 0.050000 0.066667
0 0.207813 0.922222 0.034375 0.077778
0 0.052344 0.797222 0.060937 0.088889
0 0.807813 0.301389 0.043750 0.097222
0 0.923438 0.918056 0.043750 0.069444
0 0.674219 0.531944 0.048438 0.080556
0 0.567187 0.586111 0.031250 0.055556
0 0.075781 0.058333 0.032813 0.050000
