0 0.764062 0.625000 0.043750 0.072222
0 0.870313 0.913889 0.043750 0.083333
0 0.458594 0.715278 0.032813 0.063889
0 0.212500 0.730556 0.046875 0.077778
0 0.154688 0.948611 0.050000 0.080556
0 0.213281 0.340278 0.051562 0.091667
0 0.159375 0.431944 0.031250 0.080556
0 0.332031 0.641667 0.045312 0.077778
0 0.533594 0.677778 0.035937 0.088889
0 0.632031 0.547222 0.051562 0.061111
0 0.752344 0.329167 0.045312 0.075000
0 0.518750 0.598611 0.025000 0.041667
0 0.326562 0.565278 0.031250 0.058333
0 0.028906 0.073611 0.032813 0.052778
0 0.880469 0.454167 0.026562 0.041667
