0 0.484375 0.700000 0.040625 0.072222
0 0.584375 0.562500 0.037500 0.075000
0 0.715625 0.638889 0.043750 0.083333
0 0.701562 0.352778 0.040625 0.088889
0 0.171875 0.361111 0.059375 0.088889
0 0.114844 0.451389 0.035937 0.102778
0 0.167969 0.750000 0.048438 0.077778
0 0.409375 0.740278 0.034375 0.058333
0 0.814844 0.922222 0.039062 0.066667
0 0.107031 0.966667 0.039062 0.055556
0 0.288281 0.670833 0.039062 0.069444
0 0.278906 0.584722 0.035937 0.052778
0 0.474219 0.618056 0.023438 0.047222
0 0.914844 0.147222 0.045312 0.066667
0 0.826562 0.469444 0.018750 0.033333
0 0.746875 0.505556 0.018750 0.027778
