0 0.114062 0.391667 0.056250 0.088889
0 0.063281 0.483333 0.048438 0.094444
0 0.366406 0.761111 0.042188 0.061111
0 0.442188 0.722222 0.040625 0.077778
0 0.428906 0.638889 0.026562 0.033333
0 0.115625 0.784722 0.053125 0.080556
0 0.659375 0.661111 0.040625 0.072222
0 0.647656 0.370833 0.048438 0.086111
0 0.538281 0.579167 0.032813 0.080556
0 0.759375 0.941667 0.040625 0.077778
0 0.242188 0.690278 0.040625 0.063889
0 0.769531 0.498611 0.020313 0.036111
0 0.693750 0.536111 0.015625 0.022222
0 0.848437 0.173611 0.040625 0.069444
0 0.414844 0.276389 0.020313 0.036111
