0 0.610156 0.686111 0.039062 0.077778
0 0.595313 0.412500 0.040625 0.097222
0 0.482031 0.613889 0.048438 0.066667
0 0.388281 0.751389 0.048438 0.075000
0 0.374219 0.668056 0.029687 0.052778
0 0.056250 0.420833 0.050000 0.080556
0 0.057031 0.819444 0.060937 0.077778
0 0.187500 0.731944 0.050000 0.069444
0 0.936719 0.601389 0.042188 0.108333
0 0.697656 0.959722 0.032813 0.069444
0 0.310937 0.795833 0.028125 0.063889
0 0.952344 0.038889 0.051562 0.077778
0 0.360938 0.302778 0.015625 0.027778
0 0.783594 0.219444 0.042188 0.055556
0 0.711719 0.525000 0.020313 0.038889
