0 0.503906 0.756944 0.042188 0.063889
0 0.283594 0.829167 0.045312 0.069444
0 0.271094 0.750000 0.042188 0.038889
0 0.207031 0.876389 0.032813 0.075000
0 0.064844 0.816667 0.054688 0.077778
0 0.065625 0.729167 0.034375 0.063889
0 0.807813 0.668056 0.046875 0.097222
0 0.815625 0.141667 0.050000 0.083333
0 0.870313 0.284722 0.034375 0.080556
0 0.284375 0.404167 0.021875 0.052778
0 0.264062 0.377778 0.025000 0.038889
0 0.486719 0.490278 0.048438 0.080556
0 0.375000 0.697222 0.040625 0.077778
0 0.664062 0.308333 0.040625 0.055556
