0 0.292969 0.794444 0.035937 0.077778
0 0.190625 0.927778 0.046875 0.072222
0 0.178125 0.854167 0.037500 0.058333
0 0.420312 0.859722 0.040625 0.063889
0 0.711719 0.765278 0.045312 0.097222
0 0.819531 0.045833 0.107813 0.091667
0 0.720313 0.261111 0.053125 0.072222
0 0.406250 0.580556 0.040625 0.077778
0 0.115625 0.969444 0.031250 0.050000
0 0.179688 0.469444 0.025000 0.050000
0 0.832031 0.125000 0.064062 0.088889
0 0.767969 0.401389 0.039062 0.075000
0 0.790625 0.226389 0.050000 0.086111
0 0.576562 0.416667 0.037500 0.061111
