0 0.175000 0.962500 0.056250 0.069444
0 0.405469 0.884722 0.042188 0.069444
0 0.274219 0.822222 0.042188 0.077778
0 0.384375 0.608333 0.046875 0.066667
0 0.790625 0.073611 0.090625 0.147222
0 0.807031 0.173611 0.054688 0.080556
0 0.690625 0.300000 0.040625 0.066667
0 0.691406 0.787500 0.032813 0.102778
0 0.164062 0.883333 0.040625 0.055556
0 0.162500 0.494444 0.025000 0.044444
0 0.744531 0.437500 0.032813 0.075000
0 0.979688 0.200000 0.037500 0.083333
0 0.973437 0.918056 0.050000 0.136111
0 0.764062 0.263889 0.050000 0.083333
0 0.557813 0.447222 0.034375 0.055556
