0 0.767188 0.112500 0.093750 0.158333
0 0.788281 0.206944 0.064062 0.091667
0 0.957812 0.251389 0.056250 0.080556
0 0.724219 0.465278 0.039062 0.063889
0 0.674219 0.341667 0.045312 0.088889
0 0.951562 0.931944 0.090625 0.125000
0 0.673438 0.815278 0.037500 0.086111
0 0.388281 0.909722 0.045312 0.069444
0 0.254688 0.845833 0.040625 0.086111
0 0.368750 0.643056 0.040625 0.075000
0 0.150781 0.518056 0.023438 0.041667
0 0.145313 0.904167 0.031250 0.052778
0 0.353125 0.022222 0.043750 0.044444
0 0.743750 0.302778 0.046875 0.077778
0 0.540625 0.477778 0.037500 0.055556
