0 0.733594 0.162500 0.085938 0.163889
0 0.754687 0.255556 0.059375 0.077778
0 0.931250 0.288889 0.062500 0.077778
0 0.368750 0.937500 0.040625 0.069444
0 0.235156 0.869444 0.051562 0.066667
0 0.349219 0.672222 0.039062 0.083333
0 0.128906 0.551389 0.023438 0.030556
0 0.337500 0.038889 0.050000 0.066667
0 0.926562 0.954167 0.090625 0.086111
0 0.658594 0.372222 0.054688 0.066667
0 0.646875 0.850000 0.037500 0.094444
0 0.126562 0.930556 0.031250 0.044444
0 0.704688 0.509722 0.034375 0.069444
0 0.719531 0.338889 0.045312 0.083333
0 0.521094 0.513889 0.035937 0.055556
