0 0.706250 0.216667 0.087500 0.150000
0 0.726562 0.301389 0.056250 0.075000
0 0.903125 0.336111 0.059375 0.077778
0 0.106250 0.588889 0.025000 0.050000
0 0.211719 0.916667 0.054688 0.072222
0 0.101562 0.973611 0.037500 0.041667
0 0.343750 0.970833 0.040625 0.052778
0 0.328906 0.712500 0.035937 0.080556
0 0.319531 0.077778 0.051562 0.066667
0 0.623437 0.886111 0.040625 0.094444
0 0.632812 0.411111 0.040625 0.072222
0 0.677344 0.551389 0.035937 0.075000
0 0.496094 0.551389 0.035937 0.058333
0 0.691406 0.386111 0.042188 0.077778
0 0.817187 0.406944 0.031250 0.041667
