0 0.629687 0.263889 0.071875 0.133333
0 0.277344 0.759722 0.042188 0.075000
0 0.154688 0.962500 0.053125 0.063889
0 0.267188 0.134722 0.046875 0.063889
0 0.841406 0.394444 0.057813 0.066667
0 0.567187 0.937500 0.031250 0.097222
0 0.579688 0.466667 0.040625 0.072222
0 0.053125 0.647222 0.028125 0.044444
0 0.439844 0.601389 0.032813 0.058333
0 0.626563 0.604167 0.028125 0.063889
0 0.634375 0.443056 0.043750 0.075000
0 0.756250 0.465278 0.034375 0.058333
0 0.655469 0.358333 0.032813 0.072222
0 0.985156 0.601389 0.026562 0.058333
