0 0.600000 0.265278 0.081250 0.141667
0 0.635156 0.350000 0.064062 0.066667
0 0.815625 0.398611 0.065625 0.063889
0 0.739062 0.477778 0.043750 0.077778
0 0.542969 0.938889 0.045312 0.094444
0 0.554688 0.466667 0.037500 0.083333
0 0.250000 0.769444 0.037500 0.072222
0 0.128906 0.962500 0.042188 0.063889
0 0.027344 0.654167 0.032813 0.041667
0 0.244531 0.148611 0.048438 0.063889
0 0.601562 0.606944 0.034375 0.063889
0 0.610938 0.451389 0.040625 0.058333
0 0.608594 0.686111 0.032813 0.050000
0 0.417969 0.602778 0.035937 0.055556
0 0.959375 0.604167 0.031250 0.058333
