0 0.567969 0.245833 0.067187 0.141667
0 0.614062 0.343056 0.062500 0.080556
0 0.532031 0.476389 0.039062 0.080556
0 0.789844 0.402778 0.057813 0.061111
0 0.710156 0.469444 0.042188 0.077778
0 0.227344 0.769444 0.035937 0.088889
0 0.104688 0.961111 0.046875 0.061111
0 0.227344 0.143056 0.042188 0.080556
0 0.586719 0.437500 0.045312 0.075000
0 0.519531 0.934722 0.045312 0.097222
0 0.932031 0.597222 0.032813 0.061111
0 0.578125 0.604167 0.031250 0.063889
0 0.581250 0.686111 0.034375 0.050000
0 0.392188 0.604167 0.034375 0.041667
