0 0.546094 0.216667 0.073438 0.133333
0 0.592969 0.320833 0.057813 0.091667
0 0.763281 0.391667 0.057813 0.061111
0 0.507812 0.458333 0.043750 0.077778
0 0.207813 0.756944 0.046875 0.075000
0 0.079687 0.963889 0.034375 0.066667
0 0.209375 0.129167 0.043750 0.075000
0 0.910156 0.581944 0.039062 0.047222
0 0.564844 0.422222 0.045312 0.077778
0 0.740625 0.968056 0.084375 0.058333
0 0.500781 0.920833 0.035937 0.102778
0 0.374219 0.587500 0.029687 0.058333
0 0.556250 0.594444 0.037500 0.066667
0 0.560937 0.673611 0.034375 0.058333
