0 0.524219 0.201389 0.076563 0.141667
0 0.566406 0.325000 0.060937 0.100000
0 0.746875 0.386111 0.065625 0.061111
0 0.717187 0.955556 0.084375 0.083333
0 0.882812 0.577778 0.040625 0.044444
0 0.486719 0.451389 0.045312 0.091667
0 0.185156 0.738889 0.048438 0.066667
0 0.053125 0.952778 0.056250 0.066667
0 0.474219 0.916667 0.057813 0.105556
0 0.185156 0.125000 0.045312 0.072222
0 0.533594 0.587500 0.032813 0.058333
0 0.545312 0.669444 0.037500 0.050000
0 0.352344 0.583333 0.032813 0.050000
0 0.540625 0.425000 0.040625 0.072222
