0 0.504687 0.176389 0.087500 0.136111
0 0.544531 0.301389 0.064062 0.086111
0 0.689063 0.948611 0.084375 0.097222
0 0.862500 0.561111 0.034375 0.050000
0 0.979688 0.541667 0.034375 0.122222
0 0.728906 0.375000 0.048438 0.055556
0 0.524219 0.402778 0.045312 0.088889
0 0.466406 0.443056 0.035937 0.086111
0 0.163281 0.740278 0.042188 0.063889
0 0.033594 0.951389 0.039062 0.080556
0 0.165625 0.105556 0.040625 0.061111
0 0.457813 0.887500 0.046875 0.102778
0 0.520312 0.580556 0.034375 0.066667
0 0.331250 0.568056 0.034375 0.041667
