0 0.477344 0.138889 0.073438 0.144444
0 0.713281 0.358333 0.048438 0.072222
0 0.523438 0.287500 0.059375 0.102778
0 0.449219 0.418056 0.039062 0.080556
0 0.666406 0.931944 0.085938 0.125000
0 0.439844 0.869444 0.039062 0.100000
0 0.139844 0.716667 0.035937 0.100000
0 0.967969 0.506944 0.060937 0.108333
0 0.840625 0.552778 0.040625 0.072222
0 0.282813 0.880556 0.031250 0.061111
0 0.239063 0.713889 0.025000 0.055556
0 0.313281 0.540278 0.035937 0.047222
0 0.497656 0.561111 0.032813 0.055556
0 0.500000 0.380556 0.040625 0.072222
