0 0.639062 0.906944 0.071875 0.158333
0 0.936719 0.475000 0.064062 0.111111
0 0.812500 0.511111 0.043750 0.066667
0 0.449219 0.077778 0.085938 0.138889
0 0.503125 0.234722 0.059375 0.102778
0 0.685156 0.322222 0.048438 0.066667
0 0.482031 0.345833 0.045312 0.091667
0 0.421875 0.386111 0.040625 0.077778
0 0.117969 0.056944 0.042188 0.069444
0 0.117188 0.686111 0.043750 0.077778
0 0.416406 0.844444 0.039062 0.088889
0 0.219531 0.681944 0.029687 0.058333
0 0.477344 0.525000 0.029687 0.055556
0 0.488281 0.601389 0.020313 0.036111
