0 0.430469 0.508333 0.070312 0.150000
0 0.739062 0.090278 0.062500 0.119444
0 0.574219 0.780556 0.029687 0.050000
0 0.022656 0.962500 0.035937 0.069444
0 0.216406 0.512500 0.039062 0.097222
0 0.138281 0.254167 0.032813 0.052778
0 0.223438 0.036111 0.046875 0.072222
0 0.627344 0.162500 0.045312 0.058333
0 0.071094 0.575000 0.026562 0.061111
0 0.842969 0.652778 0.057813 0.088889
0 0.547656 0.490278 0.032813 0.058333
0 0.282813 0.194444 0.034375 0.061111
0 0.895312 0.151389 0.025000 0.058333
0 0.675000 0.429167 0.025000 0.052778
