0 0.442969 0.459722 0.067187 0.147222
0 0.222656 0.479167 0.051562 0.091667
0 0.029687 0.940278 0.037500 0.069444
0 0.747656 0.052778 0.057813 0.094444
0 0.581250 0.751389 0.031250 0.058333
0 0.075781 0.536111 0.035937 0.066667
0 0.547656 0.461111 0.048438 0.061111
0 0.850781 0.615278 0.054688 0.086111
0 0.288281 0.151389 0.032813 0.052778
0 0.300000 0.248611 0.034375 0.047222
0 0.490625 0.216667 0.018750 0.038889
0 0.632812 0.144444 0.028125 0.044444
0 0.906250 0.118056 0.028125 0.058333
0 0.683594 0.405556 0.020313 0.038889
0 0.892969 0.773611 0.045312 0.091667
