0 0.462500 0.423611 0.068750 0.141667
0 0.232813 0.441667 0.040625 0.111111
0 0.041406 0.897222 0.039062 0.072222
0 0.589063 0.725000 0.034375 0.055556
0 0.768750 0.038889 0.065625 0.066667
0 0.647656 0.106944 0.045312 0.063889
0 0.083594 0.506944 0.023438 0.058333
0 0.157031 0.195833 0.039062 0.052778
0 0.866406 0.588889 0.051562 0.088889
0 0.302344 0.116667 0.032813 0.050000
0 0.310156 0.218056 0.035937 0.052778
0 0.503125 0.188889 0.018750 0.033333
0 0.925781 0.081944 0.029687 0.058333
0 0.694531 0.377778 0.026562 0.050000
0 0.905469 0.745833 0.039062 0.086111
