0 0.592187 0.368056 0.068750 0.147222
0 0.559375 0.938889 0.034375 0.077778
0 0.338281 0.945833 0.029687 0.069444
0 0.162500 0.781944 0.040625 0.075000
0 0.070312 0.547222 0.040625 0.083333
0 0.034375 0.213889 0.046875 0.094444
0 0.354687 0.362500 0.046875 0.091667
0 0.142187 0.263889 0.028125 0.055556
0 0.110156 0.450000 0.026562 0.050000
0 0.680469 0.656944 0.029687 0.052778
0 0.800000 0.322222 0.037500 0.072222
0 0.192969 0.416667 0.029687 0.050000
0 0.415625 0.058333 0.037500 0.061111
0 0.419531 0.150000 0.032813 0.061111
0 0.977344 0.522222 0.042188 0.077778
