0 0.650000 0.343056 0.071875 0.147222
0 0.408594 0.343056 0.045312 0.097222
0 0.128125 0.518056 0.037500 0.075000
0 0.212500 0.758333 0.031250 0.066667
0 0.382031 0.916667 0.035937 0.061111
0 0.609375 0.916667 0.040625 0.072222
0 0.728125 0.650000 0.037500 0.055556
0 0.848437 0.319444 0.025000 0.066667
0 0.098437 0.193056 0.043750 0.102778
0 0.199219 0.243056 0.023438 0.058333
0 0.170313 0.422222 0.034375 0.055556
0 0.245312 0.393056 0.028125 0.052778
0 0.464844 0.036111 0.039062 0.055556
0 0.471875 0.130556 0.037500 0.066667
