0 0.723437 0.318056 0.071875 0.136111
0 0.787500 0.644444 0.034375 0.055556
0 0.668750 0.912500 0.034375 0.091667
0 0.440625 0.900000 0.037500 0.066667
0 0.279687 0.727778 0.034375 0.072222
0 0.191406 0.501389 0.032813 0.069444
0 0.053125 0.365278 0.043750 0.080556
0 0.172656 0.176389 0.042188 0.075000
0 0.472656 0.326389 0.035937 0.086111
0 0.308594 0.383333 0.026562 0.038889
0 0.231250 0.408333 0.025000 0.050000
0 0.259375 0.219444 0.021875 0.044444
0 0.139844 0.452778 0.032813 0.050000
0 0.915625 0.312500 0.034375 0.075000
0 0.532031 0.027778 0.035937 0.055556
0 0.534375 0.119444 0.037500 0.061111
