0 0.810156 0.315278 0.070312 0.147222
0 0.861719 0.647222 0.032813 0.055556
0 0.742188 0.906944 0.034375 0.080556
0 0.504687 0.895833 0.021875 0.069444
0 0.348438 0.719444 0.043750 0.066667
0 0.267188 0.484722 0.031250 0.075000
0 0.252344 0.170833 0.035937 0.091667
0 0.135937 0.366667 0.043750 0.077778
0 0.023438 0.530556 0.043750 0.072222
0 0.545312 0.325000 0.046875 0.088889
0 0.373437 0.372222 0.025000 0.044444
0 0.328906 0.208333 0.020313 0.038889
0 0.300781 0.394444 0.023438 0.038889
0 0.206250 0.443056 0.021875 0.036111
0 0.606250 0.031944 0.040625 0.063889
0 0.608594 0.118056 0.035937 0.069444
