0 0.351562 0.480556 0.034375 0.066667
0 0.232031 0.343056 0.042188 0.063889
0 0.125781 0.523611 0.039062 0.069444
0 0.034375 0.587500 0.034375 0.052778
0 0.113281 0.441667 0.023438 0.038889
0 0.434375 0.709722 0.028125 0.063889
0 0.585156 0.893056 0.032813 0.058333
0 0.833594 0.915278 0.035937 0.069444
0 0.951562 0.662500 0.025000 0.052778
0 0.917188 0.325000 0.075000 0.144444
0 0.640625 0.319444 0.037500 0.083333
0 0.409375 0.205556 0.021875 0.050000
0 0.345313 0.172222 0.034375 0.077778
0 0.455469 0.373611 0.017188 0.036111
0 0.387500 0.395833 0.018750 0.041667
0 0.700000 0.033333 0.037500 0.061111
