0 0.849219 0.333333 0.042188 0.077778
0 0.540625 0.487500 0.034375 0.069444
0 0.329688 0.500000 0.031250 0.061111
0 0.027344 0.423611 0.042188 0.063889
0 0.159375 0.348611 0.046875 0.058333
0 0.105469 0.418056 0.035937 0.047222
0 0.242188 0.572222 0.028125 0.050000
0 0.617969 0.719444 0.032813 0.061111
0 0.768750 0.913889 0.028125 0.066667
0 0.547656 0.169444 0.039062 0.061111
0 0.595313 0.233333 0.021875 0.044444
0 0.434375 0.334722 0.031250 0.063889
0 0.570312 0.401389 0.018750 0.047222
0 0.050000 0.041667 0.046875 0.083333
