0 0.161719 0.419444 0.039062 0.061111
0 0.182031 0.045833 0.048438 0.080556
0 0.110937 0.150000 0.043750 0.094444
0 0.346094 0.563889 0.023438 0.050000
0 0.431250 0.487500 0.031250 0.058333
0 0.289844 0.347222 0.035937 0.050000
0 0.219531 0.415278 0.029687 0.058333
0 0.024219 0.748611 0.035937 0.063889
0 0.168750 0.954167 0.031250 0.052778
0 0.724219 0.726389 0.029687 0.063889
0 0.639844 0.493056 0.032813 0.069444
0 0.545312 0.344444 0.031250 0.055556
0 0.656250 0.177778 0.037500 0.088889
0 0.971094 0.350000 0.045312 0.111111
0 0.875781 0.937500 0.026562 0.063889
0 0.696094 0.236111 0.023438 0.044444
0 0.669531 0.402778 0.017188 0.033333
