0 0.543750 0.498611 0.031250 0.058333
0 0.302344 0.409722 0.035937 0.058333
0 0.314844 0.051389 0.035937 0.063889
0 0.246875 0.156944 0.046875 0.086111
0 0.060156 0.516667 0.042188 0.100000
0 0.153125 0.734722 0.034375 0.063889
0 0.841406 0.744444 0.029687 0.061111
0 0.758594 0.501389 0.026562 0.063889
0 0.670312 0.351389 0.031250 0.052778
0 0.777344 0.183333 0.032813 0.066667
0 0.814063 0.238889 0.018750 0.038889
0 0.456250 0.576389 0.025000 0.058333
0 0.414062 0.338889 0.034375 0.066667
0 0.285938 0.937500 0.031250 0.052778
