0 0.660937 0.509722 0.037500 0.063889
0 0.568750 0.580556 0.025000 0.055556
0 0.432031 0.412500 0.035937 0.063889
0 0.376563 0.166667 0.037500 0.077778
0 0.444531 0.061111 0.035937 0.083333
0 0.194531 0.515278 0.042188 0.086111
0 0.880469 0.511111 0.032813 0.061111
0 0.796875 0.373611 0.034375 0.069444
0 0.908594 0.204167 0.042188 0.091667
0 0.980469 0.769444 0.032813 0.072222
0 0.536719 0.351389 0.042188 0.058333
0 0.942969 0.243056 0.029687 0.041667
0 0.760938 0.473611 0.015625 0.025000
0 0.278906 0.726389 0.023438 0.047222
0 0.400781 0.936111 0.023438 0.044444
