0 0.554688 0.427778 0.037500 0.072222
0 0.787500 0.526389 0.037500 0.063889
0 0.579688 0.070833 0.037500 0.063889
0 0.502344 0.172222 0.039062 0.072222
0 0.021875 0.509722 0.043750 0.080556
0 0.688281 0.593056 0.029687 0.047222
0 0.935156 0.380556 0.039062 0.050000
0 0.664062 0.359722 0.031250 0.069444
0 0.724219 0.526389 0.032813 0.069444
0 0.112500 0.852778 0.037500 0.061111
0 0.325000 0.512500 0.034375 0.058333
0 0.520312 0.945833 0.025000 0.041667
0 0.401562 0.733333 0.018750 0.033333
0 0.281250 0.495833 0.021875 0.047222
0 0.185156 0.358333 0.032813 0.038889
