0 0.528125 0.413889 0.053125 0.088889
0 0.507031 0.541667 0.051562 0.133333
0 0.642969 0.613889 0.070312 0.127778
0 0.846094 0.586111 0.057813 0.055556
0 0.778906 0.831944 0.051562 0.119444
0 0.439844 0.688889 0.035937 0.083333
0 0.228906 0.845833 0.045312 0.075000
0 0.036719 0.902778 0.070312 0.105556
0 0.260937 0.402778 0.046875 0.116667
0 0.022656 0.616667 0.045312 0.100000
0 0.506250 0.820833 0.021875 0.047222
0 0.592187 0.831944 0.037500 0.080556
0 0.641406 0.856944 0.017188 0.041667
0 0.301563 0.661111 0.021875 0.027778
0 0.326562 0.544444 0.012500 0.027778
0 0.292187 0.552778 0.015625 0.022222
0 0.242188 0.516667 0.012500 0.022222
0 0.518750 0.709722 0.015625 0.041667
0 0.485156 0.815278 0.010937 0.025000
