0 0.038281 0.323611 0.045312 0.075000
0 0.299219 0.176389 0.057813 0.108333
0 0.213281 0.527778 0.048438 0.094444
0 0.607031 0.254167 0.070312 0.086111
0 0.968750 0.154167 0.034375 0.091667
0 0.550781 0.333333 0.045312 0.088889
0 0.771875 0.233333 0.034375 0.061111
0 0.972656 0.684722 0.042188 0.030556
0 0.975781 0.955556 0.045312 0.077778
0 0.374219 0.520833 0.051562 0.091667
0 0.581250 0.026389 0.031250 0.047222
0 0.446875 0.075000 0.043750 0.072222
0 0.382031 0.226389 0.020313 0.041667
0 0.501563 0.454167 0.012500 0.025000
0 0.826562 0.279167 0.025000 0.052778
