0 0.618750 0.266667 0.040625 0.083333
0 0.750000 0.358333 0.053125 0.122222
0 0.501563 0.526389 0.037500 0.069444
0 0.228125 0.648611 0.043750 0.075000
0 0.189844 0.336111 0.026562 0.050000
0 0.406250 0.797222 0.031250 0.066667
0 0.125781 0.143056 0.020313 0.041667
0 0.121875 0.252778 0.021875 0.033333
0 0.129688 0.733333 0.025000 0.038889
0 0.135156 0.186111 0.017188 0.027778
0 0.796094 0.416667 0.029687 0.050000
0 0.843750 0.290278 0.021875 0.036111
0 0.148438 0.222222 0.018750 0.033333
0 0.006250 0.384722 0.009375 0.041667
