0 0.028906 0.376389 0.026562 0.047222
0 0.217188 0.333333 0.025000 0.055556
0 0.259375 0.641667 0.040625 0.077778
0 0.532031 0.518056 0.039062 0.069444
0 0.433594 0.786111 0.029687 0.072222
0 0.649219 0.258333 0.045312 0.083333
0 0.787500 0.351389 0.056250 0.130556
0 0.152344 0.136111 0.020313 0.038889
0 0.149219 0.245833 0.023438 0.036111
0 0.157031 0.722222 0.026562 0.050000
0 0.822656 0.406944 0.023438 0.047222
0 0.871094 0.283333 0.023438 0.038889
0 0.161719 0.181944 0.014063 0.025000
0 0.177344 0.215278 0.017188 0.025000
