0 0.057813 0.373611 0.025000 0.047222
0 0.240625 0.329167 0.025000 0.052778
0 0.676562 0.256944 0.040625 0.086111
0 0.558594 0.519444 0.039062 0.083333
0 0.820312 0.344444 0.056250 0.122222
0 0.287500 0.636111 0.043750 0.077778
0 0.460156 0.783333 0.026562 0.061111
0 0.178125 0.133333 0.018750 0.038889
0 0.175000 0.243056 0.021875 0.030556
0 0.182812 0.712500 0.018750 0.030556
0 0.187500 0.177778 0.018750 0.027778
0 0.200781 0.211111 0.017188 0.027778
0 0.900781 0.276389 0.023438 0.036111
0 0.850000 0.405556 0.021875 0.050000
