0 0.264062 0.327778 0.025000 0.055556
0 0.310156 0.636111 0.042188 0.083333
0 0.081250 0.373611 0.025000 0.041667
0 0.582812 0.516667 0.037500 0.072222
0 0.703125 0.252778 0.043750 0.083333
0 0.849219 0.338889 0.057813 0.122222
0 0.207813 0.709722 0.015625 0.030556
0 0.201563 0.131944 0.018750 0.036111
0 0.210156 0.179167 0.014063 0.025000
0 0.195312 0.243056 0.018750 0.030556
0 0.223438 0.209722 0.015625 0.025000
0 0.026562 0.040278 0.021875 0.036111
0 0.478906 0.770833 0.023438 0.047222
0 0.876563 0.401389 0.025000 0.052778
0 0.930469 0.273611 0.026562 0.047222
0 0.014063 0.451389 0.021875 0.036111
