0 0.288281 0.327778 0.026562 0.050000
0 0.107813 0.376389 0.025000 0.047222
0 0.337500 0.634722 0.043750 0.075000
0 0.607812 0.516667 0.037500 0.072222
0 0.505469 0.781944 0.026562 0.063889
0 0.729688 0.251389 0.043750 0.080556
0 0.883594 0.340278 0.060937 0.125000
0 0.233594 0.708333 0.017188 0.033333
0 0.227344 0.133333 0.020313 0.038889
0 0.223438 0.243056 0.021875 0.030556
0 0.234375 0.181944 0.015625 0.030556
0 0.249219 0.209722 0.014063 0.025000
0 0.014844 0.023611 0.026562 0.047222
0 0.052344 0.050000 0.020313 0.038889
0 0.042969 0.455556 0.017188 0.038889
