0 0.140625 0.383333 0.025000 0.044444
0 0.316406 0.336111 0.026562 0.055556
0 0.368750 0.643056 0.043750 0.080556
0 0.640625 0.523611 0.034375 0.069444
0 0.760938 0.252778 0.043750 0.083333
0 0.922656 0.351389 0.057813 0.136111
0 0.533594 0.787500 0.026562 0.069444
0 0.256250 0.144444 0.018750 0.033333
0 0.252344 0.252778 0.020313 0.027778
0 0.264844 0.715278 0.017188 0.036111
0 0.049219 0.023611 0.023438 0.036111
0 0.264844 0.188889 0.017188 0.033333
0 0.277344 0.222222 0.014063 0.027778
0 0.085938 0.056944 0.021875 0.036111
0 0.006250 0.372222 0.012500 0.044444
0 0.075781 0.462500 0.017188 0.036111
