0 0.090625 0.054167 0.028125 0.052778
0 0.044531 0.387500 0.023438 0.052778
0 0.179688 0.402778 0.025000 0.050000
0 0.353125 0.350000 0.025000 0.050000
0 0.680469 0.538889 0.039062 0.072222
0 0.406250 0.659722 0.043750 0.080556
0 0.573438 0.802778 0.031250 0.072222
0 0.802344 0.263889 0.048438 0.077778
0 0.971094 0.362500 0.054688 0.141667
0 0.291406 0.161111 0.017188 0.038889
0 0.300781 0.725000 0.014063 0.027778
0 0.117188 0.476389 0.018750 0.036111
0 0.287500 0.268056 0.021875 0.036111
0 0.301563 0.212500 0.018750 0.041667
