0 0.138281 0.075000 0.026562 0.050000
0 0.398438 0.365278 0.025000 0.047222
0 0.228125 0.419444 0.025000 0.044444
0 0.453125 0.677778 0.043750 0.077778
0 0.728906 0.555556 0.039062 0.077778
0 0.850781 0.272222 0.048438 0.083333
0 0.618750 0.816667 0.028125 0.072222
0 0.098437 0.411111 0.025000 0.055556
0 0.348438 0.745833 0.021875 0.052778
0 0.336719 0.179167 0.017188 0.036111
0 0.032813 0.480556 0.021875 0.038889
0 0.174219 0.102778 0.020313 0.033333
0 0.332031 0.284722 0.017188 0.030556
0 0.345313 0.226389 0.015625 0.036111
