0 0.303906 0.163889 0.032813 0.066667
0 0.635156 0.516667 0.032813 0.066667
0 0.545312 0.406944 0.031250 0.041667
0 0.413281 0.591667 0.029687 0.055556
0 0.179688 0.662500 0.028125 0.047222
0 0.183594 0.795833 0.032813 0.047222
0 0.553906 0.276389 0.026562 0.052778
0 0.067187 0.338889 0.021875 0.033333
0 0.818750 0.552778 0.040625 0.083333
0 0.256250 0.572222 0.025000 0.061111
0 0.346875 0.197222 0.025000 0.061111
0 0.342187 0.645833 0.018750 0.030556
0 0.093750 0.419444 0.012500 0.022222
0 0.561719 0.331944 0.020313 0.041667
0 0.575781 0.362500 0.020313 0.036111
0 0.730469 0.266667 0.017188 0.033333
0 0.012500 0.048611 0.015625 0.030556
0 0.725000 0.126389 0.015625 0.025000
0 0.142187 0.245833 0.015625 0.025000
0 0.228125 0.205556 0.015625 0.022222
0 0.022656 0.408333 0.017188 0.033333
0 0.012500 0.529167 0.018750 0.030556
0 0.072656 0.091667 0.014063 0.022222
0 0.612500 0.018056 0.018750 0.030556
