0 0.293750 0.165278 0.031250 0.063889
0 0.410938 0.609722 0.028125 0.052778
0 0.167187 0.691667 0.031250 0.055556
0 0.639844 0.531944 0.032813 0.069444
0 0.551562 0.283333 0.028125 0.055556
0 0.047656 0.347222 0.026562 0.055556
0 0.546875 0.422222 0.031250 0.044444
0 0.246875 0.593056 0.025000 0.058333
0 0.167969 0.825000 0.032813 0.044444
0 0.839063 0.577778 0.043750 0.083333
0 0.052344 0.100000 0.014063 0.027778
0 0.088281 0.166667 0.010937 0.022222
0 0.126562 0.254167 0.018750 0.025000
0 0.079687 0.437500 0.028125 0.036111
0 0.332813 0.672222 0.021875 0.038889
0 0.341406 0.193056 0.026562 0.041667
0 0.607812 0.019444 0.025000 0.038889
0 0.725781 0.136111 0.020313 0.038889
0 0.732031 0.269444 0.020313 0.033333
0 0.558594 0.341667 0.026562 0.044444
0 0.575781 0.370833 0.020313 0.036111
