0 0.305469 0.163889 0.035937 0.066667
0 0.052344 0.355556 0.029687 0.050000
0 0.571094 0.286111 0.026562 0.055556
0 0.426563 0.626389 0.031250 0.058333
0 0.662500 0.537500 0.037500 0.069444
0 0.254688 0.606944 0.031250 0.069444
0 0.173437 0.708333 0.031250 0.055556
0 0.342969 0.687500 0.026562 0.047222
0 0.175781 0.844444 0.032813 0.044444
0 0.882031 0.583333 0.045312 0.088889
0 0.563281 0.427778 0.026562 0.044444
0 0.130469 0.262500 0.017188 0.030556
0 0.083594 0.448611 0.023438 0.036111
0 0.576562 0.344444 0.021875 0.044444
0 0.592969 0.377778 0.020313 0.038889
0 0.747656 0.270833 0.020313 0.036111
0 0.743750 0.131944 0.018750 0.041667
0 0.056250 0.105556 0.015625 0.027778
0 0.351562 0.201389 0.028125 0.063889
0 0.625000 0.016667 0.021875 0.033333
