0 0.335156 0.163889 0.035937 0.077778
0 0.072656 0.365278 0.026562 0.063889
0 0.199219 0.870833 0.035937 0.052778
0 0.195312 0.726389 0.031250 0.058333
0 0.280469 0.622222 0.032813 0.072222
0 0.458594 0.638889 0.032813 0.061111
0 0.703906 0.551389 0.035937 0.069444
0 0.607031 0.281944 0.029687 0.058333
0 0.380469 0.190278 0.029687 0.069444
0 0.369531 0.706944 0.023438 0.052778
0 0.598437 0.434722 0.028125 0.047222
0 0.950000 0.598611 0.050000 0.091667
0 0.780469 0.122222 0.017188 0.027778
0 0.101562 0.459722 0.018750 0.030556
0 0.014844 0.063889 0.014063 0.033333
0 0.012500 0.579167 0.025000 0.041667
0 0.078906 0.111111 0.017188 0.027778
0 0.153906 0.270833 0.020313 0.030556
0 0.458594 0.040278 0.020313 0.036111
0 0.785156 0.269444 0.020313 0.033333
0 0.611719 0.340278 0.023438 0.036111
0 0.627344 0.379167 0.020313 0.036111
