0 0.375781 0.154167 0.039062 0.075000
0 0.103125 0.380556 0.028125 0.050000
0 0.659375 0.287500 0.034375 0.058333
0 0.765625 0.565278 0.040625 0.075000
0 0.651563 0.441667 0.034375 0.055556
0 0.503906 0.658333 0.032813 0.061111
0 0.315625 0.637500 0.034375 0.069444
0 0.228125 0.747222 0.031250 0.055556
0 0.234375 0.900000 0.034375 0.055556
0 0.407813 0.716667 0.028125 0.050000
0 0.048438 0.069444 0.015625 0.033333
0 0.042188 0.595833 0.025000 0.041667
0 0.132031 0.468056 0.017188 0.030556
0 0.663281 0.354167 0.029687 0.052778
0 0.837500 0.277778 0.018750 0.033333
0 0.835938 0.120833 0.015625 0.030556
0 0.111719 0.119444 0.017188 0.027778
0 0.045312 0.279167 0.015625 0.025000
0 0.185938 0.277778 0.021875 0.027778
0 0.011719 0.430556 0.020313 0.044444
0 0.422656 0.188889 0.032813 0.050000
0 0.677344 0.386111 0.026562 0.038889
