0 0.142187 0.377778 0.028125 0.050000
0 0.427344 0.136111 0.042188 0.083333
0 0.560937 0.677778 0.037500 0.066667
0 0.360938 0.652778 0.034375 0.077778
0 0.267969 0.766667 0.032813 0.061111
0 0.272656 0.926389 0.039062 0.058333
0 0.846094 0.584722 0.042188 0.086111
0 0.729688 0.281944 0.037500 0.058333
0 0.014063 0.393056 0.028125 0.069444
0 0.453125 0.744444 0.021875 0.055556
0 0.174219 0.472222 0.029687 0.033333
0 0.078125 0.598611 0.025000 0.041667
0 0.045312 0.426389 0.028125 0.047222
0 0.717187 0.452778 0.037500 0.055556
0 0.730469 0.354167 0.029687 0.058333
0 0.743750 0.393056 0.028125 0.047222
0 0.911719 0.120833 0.020313 0.041667
0 0.909375 0.280556 0.021875 0.038889
0 0.089063 0.063889 0.015625 0.033333
0 0.085938 0.283333 0.015625 0.027778
0 0.154688 0.119444 0.015625 0.027778
0 0.225781 0.277778 0.020313 0.027778
0 0.477344 0.177778 0.032813 0.061111
0 0.084375 0.456944 0.028125 0.036111
