0 0.214844 0.176389 0.060937 0.091667
0 0.132812 0.533333 0.050000 0.083333
0 0.524219 0.269444 0.070312 0.094444
0 0.875781 0.162500 0.035937 0.091667
0 0.888281 0.950000 0.073438 0.094444
0 0.686719 0.245833 0.035937 0.063889
0 0.474219 0.344444 0.042188 0.077778
0 0.952344 0.206944 0.023438 0.047222
0 0.745313 0.288889 0.025000 0.050000
0 0.499219 0.034722 0.035937 0.063889
0 0.275781 0.373611 0.039062 0.069444
0 0.292187 0.531944 0.050000 0.086111
0 0.855469 0.698611 0.042188 0.108333
0 0.745313 0.677778 0.021875 0.038889
