0 0.490625 0.100000 0.046875 0.094444
0 0.046094 0.368056 0.042188 0.069444
0 0.814063 0.266667 0.037500 0.066667
0 0.947656 0.598611 0.051562 0.091667
0 0.630469 0.686111 0.039062 0.066667
0 0.410156 0.655556 0.039062 0.077778
0 0.311719 0.773611 0.039062 0.063889
0 0.314063 0.947222 0.040625 0.061111
0 0.506250 0.755556 0.031250 0.055556
0 0.184375 0.363889 0.031250 0.050000
0 0.215625 0.461111 0.028125 0.033333
0 0.078125 0.413889 0.043750 0.044444
0 0.814063 0.351389 0.031250 0.063889
0 0.798438 0.452778 0.037500 0.061111
0 0.825000 0.394444 0.031250 0.044444
0 0.118750 0.594444 0.025000 0.044444
0 0.274219 0.266667 0.023438 0.027778
0 0.138281 0.052778 0.017188 0.033333
0 0.206250 0.109722 0.025000 0.030556
0 0.125781 0.444444 0.023438 0.033333
0 0.539062 0.148611 0.034375 0.058333
