0 0.222656 0.355556 0.032813 0.050000
0 0.075781 0.354167 0.042188 0.075000
0 0.119531 0.402778 0.035937 0.055556
0 0.552344 0.065278 0.045312 0.091667
0 0.458594 0.673611 0.039062 0.075000
0 0.350000 0.800000 0.040625 0.066667
0 0.696094 0.723611 0.045312 0.075000
0 0.350000 0.973611 0.046875 0.047222
0 0.882031 0.468056 0.045312 0.063889
0 0.905469 0.266667 0.039062 0.072222
0 0.896875 0.355556 0.040625 0.072222
0 0.252344 0.462500 0.020313 0.036111
0 0.555469 0.788889 0.026562 0.061111
0 0.910156 0.405556 0.035937 0.055556
0 0.153125 0.598611 0.025000 0.047222
0 0.603125 0.130556 0.040625 0.061111
0 0.035156 0.605556 0.032813 0.044444
0 0.317969 0.265278 0.023438 0.030556
0 0.181250 0.040278 0.018750 0.036111
0 0.161719 0.440278 0.026562 0.036111
