0 0.418750 0.327778 0.037500 0.077778
0 0.122656 0.293056 0.035937 0.063889
0 0.713281 0.477778 0.048438 0.066667
0 0.832031 0.708333 0.051562 0.083333
0 0.510938 0.551389 0.028125 0.069444
0 0.313281 0.687500 0.017188 0.030556
0 0.470313 0.651389 0.018750 0.030556
0 0.603906 0.284722 0.026562 0.052778
0 0.400781 0.272222 0.048438 0.072222
0 0.427344 0.030556 0.039062 0.061111
0 0.455469 0.176389 0.045312 0.052778
0 0.086719 0.611111 0.039062 0.072222
0 0.437500 0.629167 0.012500 0.019444
0 0.841406 0.113889 0.023438 0.044444
0 0.825781 0.288889 0.023438 0.038889
0 0.839844 0.609722 0.020313 0.030556
