0 0.219531 0.291667 0.032813 0.066667
0 0.027344 0.205556 0.029687 0.050000
0 0.504687 0.315278 0.037500 0.075000
0 0.803906 0.463889 0.051562 0.072222
0 0.930469 0.704167 0.057813 0.097222
0 0.597656 0.536111 0.029687 0.066667
0 0.396875 0.668056 0.015625 0.025000
0 0.551562 0.634722 0.018750 0.030556
0 0.516406 0.027778 0.039062 0.055556
0 0.185938 0.594444 0.034375 0.072222
0 0.082812 0.151389 0.018750 0.030556
0 0.519531 0.612500 0.014063 0.025000
0 0.692187 0.270833 0.031250 0.052778
0 0.483594 0.259722 0.039062 0.063889
0 0.541406 0.173611 0.039062 0.063889
0 0.921875 0.273611 0.025000 0.041667
0 0.649219 0.350000 0.035937 0.055556
0 0.934375 0.602778 0.021875 0.044444
0 0.941406 0.090278 0.032813 0.047222
