0 0.311719 0.272222 0.032813 0.066667
0 0.594531 0.290278 0.035937 0.075000
0 0.684375 0.508333 0.028125 0.061111
0 0.897656 0.437500 0.054688 0.080556
0 0.478906 0.645833 0.020313 0.036111
0 0.632031 0.615278 0.020313 0.030556
0 0.949219 0.845833 0.029687 0.069444
0 0.928125 0.848611 0.018750 0.036111
0 0.571875 0.234722 0.040625 0.069444
0 0.629687 0.144444 0.040625 0.061111
0 0.781250 0.244444 0.028125 0.055556
0 0.565625 0.513889 0.018750 0.033333
0 0.129688 0.190278 0.021875 0.036111
0 0.175781 0.143056 0.020313 0.036111
