0 0.385937 0.231944 0.031250 0.052778
0 0.668750 0.254167 0.037500 0.075000
0 0.760156 0.472222 0.029687 0.066667
0 0.540625 0.613889 0.018750 0.033333
0 0.699219 0.583333 0.017188 0.027778
0 0.640625 0.202778 0.028125 0.072222
0 0.200781 0.159722 0.020313 0.036111
0 0.247656 0.113889 0.017188 0.027778
0 0.353906 0.525000 0.039062 0.066667
0 0.632812 0.481944 0.018750 0.036111
0 0.737500 0.445833 0.018750 0.030556
0 0.713281 0.402778 0.017188 0.027778
0 0.864062 0.204167 0.025000 0.058333
0 0.978125 0.387500 0.034375 0.058333
0 0.663281 0.561111 0.014063 0.022222
0 0.570312 0.627778 0.012500 0.022222
