0 0.038281 0.390278 0.054688 0.086111
0 0.046094 0.526389 0.060937 0.108333
0 0.448437 0.195833 0.034375 0.058333
0 0.737500 0.216667 0.037500 0.077778
0 0.827344 0.440278 0.032813 0.069444
0 0.752344 0.556944 0.023438 0.041667
0 0.944531 0.156944 0.029687 0.058333
0 0.714844 0.531944 0.014063 0.019444
0 0.591406 0.586111 0.014063 0.033333
0 0.771875 0.376389 0.018750 0.041667
0 0.794531 0.419444 0.020313 0.044444
0 0.424219 0.491667 0.026562 0.055556
0 0.401562 0.479167 0.018750 0.041667
0 0.259375 0.126389 0.028125 0.041667
0 0.301563 0.083333 0.018750 0.027778
0 0.708594 0.168056 0.032813 0.080556
0 0.622656 0.600000 0.010937 0.022222
0 0.825000 0.319444 0.037500 0.072222
0 0.896094 0.243056 0.042188 0.063889
