0 0.053125 0.325000 0.056250 0.100000
0 0.100000 0.359722 0.046875 0.091667
0 0.106250 0.490278 0.059375 0.108333
0 0.802344 0.179167 0.039062 0.075000
0 0.891406 0.408333 0.035937 0.077778
0 0.500781 0.159722 0.032813 0.063889
0 0.771875 0.125000 0.037500 0.083333
0 0.798438 0.530556 0.025000 0.038889
0 0.892188 0.280556 0.040625 0.066667
0 0.974219 0.202778 0.039062 0.072222
0 0.757031 0.505556 0.017188 0.022222
0 0.823438 0.337500 0.025000 0.041667
0 0.843750 0.386111 0.021875 0.033333
0 0.439844 0.294444 0.017188 0.033333
0 0.159375 0.640278 0.046875 0.063889
0 0.450000 0.447222 0.021875 0.038889
0 0.477344 0.461111 0.026562 0.055556
0 0.341406 0.050000 0.017188 0.027778
