0 0.116406 0.287500 0.054688 0.102778
0 0.163281 0.326389 0.045312 0.091667
0 0.172656 0.447222 0.060937 0.094444
0 0.839063 0.079167 0.037500 0.091667
0 0.877344 0.130556 0.032813 0.083333
0 0.963281 0.238889 0.048438 0.077778
0 0.963281 0.363889 0.035937 0.077778
0 0.561719 0.965278 0.045312 0.063889
0 0.232813 0.595833 0.046875 0.075000
0 0.778906 0.390278 0.017188 0.030556
0 0.842969 0.497222 0.020313 0.033333
0 0.117969 0.661111 0.029687 0.061111
0 0.338281 0.716667 0.039062 0.050000
0 0.799219 0.479167 0.017188 0.030556
0 0.875000 0.298611 0.025000 0.036111
0 0.894531 0.350000 0.023438 0.038889
0 0.746094 0.595833 0.017188 0.030556
0 0.317188 0.250000 0.018750 0.033333
0 0.486719 0.254167 0.020313 0.041667
