0 0.168750 0.183333 0.056250 0.100000
0 0.087500 0.538889 0.050000 0.083333
0 0.482812 0.269444 0.062500 0.088889
0 0.436719 0.341667 0.042188 0.077778
0 0.832031 0.169444 0.035937 0.077778
0 0.837500 0.944444 0.068750 0.100000
0 0.902344 0.208333 0.026562 0.050000
0 0.316406 0.230556 0.017188 0.038889
0 0.232813 0.381944 0.043750 0.075000
0 0.248438 0.538889 0.053125 0.094444
0 0.645312 0.243056 0.034375 0.047222
0 0.457813 0.037500 0.031250 0.063889
0 0.703125 0.290278 0.021875 0.041667
0 0.977344 0.481944 0.042188 0.119444
