0 0.179688 0.254167 0.056250 0.102778
0 0.223438 0.297222 0.046875 0.094444
0 0.235937 0.423611 0.059375 0.102778
0 0.305469 0.575000 0.048438 0.083333
0 0.910937 0.040278 0.034375 0.075000
0 0.951562 0.087500 0.043750 0.086111
0 0.625000 0.961111 0.043750 0.072222
0 0.385156 0.187500 0.026562 0.052778
0 0.926562 0.273611 0.025000 0.036111
0 0.886719 0.475000 0.020313 0.033333
0 0.823438 0.365278 0.015625 0.030556
0 0.180469 0.648611 0.032813 0.069444
0 0.394531 0.704167 0.032813 0.058333
0 0.028125 0.045833 0.040625 0.047222
0 0.552344 0.391667 0.026562 0.038889
0 0.589844 0.401389 0.032813 0.063889
0 0.713281 0.276389 0.023438 0.047222
0 0.793750 0.576389 0.021875 0.036111
0 0.944531 0.327778 0.023438 0.044444
0 0.736719 0.662500 0.020313 0.047222
0 0.860938 0.537500 0.012500 0.030556
