0 0.241406 0.222222 0.057813 0.100000
0 0.421094 0.163889 0.026562 0.055556
0 0.297656 0.406944 0.060937 0.113889
0 0.281250 0.261111 0.046875 0.088889
0 0.381250 0.556944 0.050000 0.086111
0 0.687500 0.951389 0.043750 0.091667
0 0.927344 0.451389 0.023438 0.036111
0 0.236719 0.630556 0.032813 0.066667
0 0.055469 0.969444 0.060937 0.055556
0 0.456250 0.688889 0.031250 0.055556
0 0.600000 0.369444 0.031250 0.044444
0 0.646094 0.377778 0.032813 0.072222
0 0.872656 0.429167 0.017188 0.025000
0 0.782813 0.636111 0.018750 0.033333
0 0.898438 0.513889 0.012500 0.027778
0 0.811719 0.965278 0.023438 0.052778
0 0.571094 0.201389 0.026562 0.052778
0 0.607031 0.186111 0.023438 0.044444
0 0.867188 0.338889 0.018750 0.033333
