0 0.296094 0.188889 0.057813 0.105556
0 0.335156 0.236111 0.042188 0.100000
0 0.355469 0.376389 0.064062 0.119444
0 0.444531 0.533333 0.045312 0.094444
0 0.743750 0.945833 0.050000 0.086111
0 0.451562 0.137500 0.031250 0.052778
0 0.825781 0.615278 0.017188 0.036111
0 0.966406 0.426389 0.023438 0.036111
0 0.695312 0.334722 0.034375 0.041667
0 0.650000 0.156944 0.028125 0.052778
0 0.612500 0.170833 0.028125 0.052778
0 0.720313 0.023611 0.028125 0.041667
0 0.289844 0.608333 0.032813 0.061111
0 0.110937 0.966667 0.078125 0.061111
0 0.861719 0.956944 0.020313 0.036111
0 0.907031 0.309722 0.020313 0.030556
0 0.907813 0.405556 0.018750 0.027778
0 0.933594 0.490278 0.017188 0.030556
0 0.810156 0.219444 0.026562 0.044444
