0 0.479687 0.106944 0.034375 0.052778
0 0.342969 0.151389 0.060937 0.113889
0 0.376563 0.198611 0.056250 0.091667
0 0.401562 0.343056 0.068750 0.113889
0 0.504687 0.505556 0.053125 0.094444
0 0.795312 0.933333 0.046875 0.088889
0 0.156250 0.962500 0.078125 0.069444
0 0.862500 0.591667 0.018750 0.033333
0 0.966406 0.468056 0.014063 0.025000
0 0.740625 0.308333 0.031250 0.044444
0 0.021875 0.308333 0.040625 0.088889
0 0.335938 0.586111 0.031250 0.055556
0 0.649219 0.143056 0.023438 0.058333
0 0.682813 0.134722 0.034375 0.063889
0 0.853125 0.188889 0.025000 0.055556
0 0.681250 0.311111 0.031250 0.044444
