0 0.375000 0.115278 0.062500 0.102778
0 0.409375 0.170833 0.053125 0.097222
0 0.435937 0.318056 0.068750 0.119444
0 0.545312 0.490278 0.053125 0.102778
0 0.834375 0.931944 0.050000 0.091667
0 0.032031 0.286111 0.054688 0.094444
0 0.499219 0.083333 0.029687 0.044444
0 0.675000 0.122222 0.025000 0.055556
0 0.707812 0.104167 0.028125 0.052778
0 0.362500 0.576389 0.034375 0.058333
0 0.181250 0.966667 0.081250 0.061111
0 0.714063 0.291667 0.043750 0.044444
0 0.774219 0.280556 0.035937 0.033333
0 0.885156 0.163889 0.029687 0.055556
0 0.973437 0.261111 0.021875 0.033333
