0 0.390625 0.084722 0.065625 0.113889
0 0.426563 0.141667 0.053125 0.094444
0 0.452344 0.302778 0.073438 0.122222
0 0.572656 0.483333 0.057813 0.105556
0 0.029687 0.263889 0.056250 0.088889
0 0.867969 0.944444 0.054688 0.105556
0 0.696094 0.105556 0.026562 0.055556
0 0.512500 0.066667 0.028125 0.044444
0 0.730469 0.091667 0.029687 0.055556
0 0.735156 0.284722 0.042188 0.052778
0 0.800781 0.270833 0.035937 0.047222
0 0.377344 0.569444 0.035937 0.066667
0 0.178906 0.973611 0.076563 0.047222
0 0.552344 0.955556 0.060937 0.083333
0 0.915625 0.145833 0.025000 0.052778
0 0.945312 0.137500 0.021875 0.030556
0 0.512500 0.816667 0.040625 0.094444
