0 0.390625 0.048611 0.068750 0.091667
0 0.457813 0.270833 0.078125 0.136111
0 0.428906 0.104167 0.060937 0.113889
0 0.585938 0.463889 0.065625 0.122222
0 0.896094 0.952778 0.057813 0.088889
0 0.374219 0.555556 0.039062 0.066667
0 0.020313 0.233333 0.037500 0.083333
0 0.408594 0.426389 0.054688 0.058333
0 0.754687 0.268056 0.046875 0.052778
0 0.824219 0.254167 0.035937 0.052778
0 0.711719 0.081944 0.026562 0.047222
0 0.939063 0.125000 0.028125 0.061111
0 0.969531 0.125000 0.026562 0.038889
0 0.748437 0.065278 0.034375 0.047222
0 0.560937 0.962500 0.065625 0.069444
0 0.521094 0.820833 0.045312 0.102778
