0 0.441406 0.269444 0.067187 0.088889
0 0.042969 0.547222 0.057813 0.094444
0 0.787500 0.170833 0.040625 0.080556
0 0.940625 0.483333 0.075000 0.127778
0 0.784375 0.943056 0.065625 0.108333
0 0.396875 0.359722 0.043750 0.075000
0 0.121094 0.191667 0.064062 0.116667
0 0.602344 0.245833 0.035937 0.052778
0 0.862500 0.212500 0.021875 0.047222
0 0.190625 0.383333 0.040625 0.077778
0 0.203906 0.537500 0.048438 0.097222
0 0.277344 0.227778 0.017188 0.038889
0 0.416406 0.037500 0.035937 0.069444
0 0.663281 0.290278 0.020313 0.036111
