0 0.396875 0.268056 0.068750 0.086111
0 0.355469 0.345833 0.042188 0.091667
0 0.743750 0.175000 0.037500 0.083333
0 0.739062 0.933333 0.062500 0.094444
0 0.078125 0.179167 0.059375 0.097222
0 0.161719 0.522222 0.048438 0.138889
0 0.147656 0.393056 0.048438 0.097222
0 0.885156 0.473611 0.076563 0.108333
0 0.560156 0.247222 0.035937 0.055556
0 0.815625 0.215278 0.028125 0.058333
0 0.239063 0.225000 0.015625 0.027778
0 0.373437 0.036111 0.034375 0.061111
0 0.623437 0.295833 0.021875 0.041667
0 0.925781 0.809722 0.035937 0.069444
0 0.971094 0.820833 0.032813 0.058333
