0 0.699219 0.930556 0.064062 0.111111
0 0.703906 0.172222 0.032813 0.072222
0 0.357812 0.269444 0.068750 0.088889
0 0.027344 0.183333 0.054688 0.105556
0 0.318750 0.345833 0.043750 0.091667
0 0.838281 0.512500 0.076563 0.191667
0 0.114844 0.547222 0.051562 0.083333
0 0.100781 0.381944 0.048438 0.075000
0 0.519531 0.251389 0.035937 0.058333
0 0.197656 0.229167 0.014063 0.036111
0 0.334375 0.038889 0.037500 0.061111
0 0.204687 0.101389 0.043750 0.086111
0 0.585938 0.294444 0.021875 0.044444
0 0.775781 0.209722 0.026562 0.036111
0 0.879687 0.801389 0.037500 0.069444
0 0.925781 0.809722 0.032813 0.063889
0 0.981250 0.880556 0.034375 0.083333
