0 0.319531 0.275000 0.070312 0.088889
0 0.662500 0.915278 0.062500 0.097222
0 0.839063 0.788889 0.037500 0.077778
0 0.664062 0.175000 0.034375 0.077778
0 0.278906 0.348611 0.045312 0.091667
0 0.053125 0.393056 0.053125 0.080556
0 0.734375 0.219444 0.025000 0.055556
0 0.159375 0.229167 0.021875 0.030556
0 0.292969 0.040278 0.035937 0.063889
0 0.162500 0.094444 0.040625 0.072222
0 0.064844 0.559722 0.057813 0.080556
0 0.479687 0.248611 0.031250 0.047222
0 0.792188 0.508333 0.071875 0.172222
0 0.881250 0.805556 0.034375 0.061111
0 0.937500 0.868056 0.031250 0.075000
