0 0.449219 0.715278 0.035937 0.086111
0 0.514062 0.565278 0.050000 0.130556
0 0.535937 0.443056 0.056250 0.113889
0 0.652344 0.643056 0.073438 0.125000
0 0.856250 0.615278 0.059375 0.069444
0 0.788281 0.856944 0.048438 0.119444
0 0.041406 0.929167 0.079687 0.108333
0 0.270313 0.426389 0.046875 0.108333
0 0.235937 0.869444 0.050000 0.066667
0 0.514062 0.841667 0.021875 0.044444
0 0.602344 0.845833 0.035937 0.069444
0 0.032031 0.636111 0.048438 0.088889
0 0.651563 0.879167 0.015625 0.041667
0 0.308594 0.681944 0.023438 0.030556
0 0.300781 0.575000 0.014063 0.022222
0 0.337500 0.568056 0.012500 0.030556
0 0.251563 0.538889 0.012500 0.022222
0 0.527344 0.733333 0.014063 0.033333
0 0.493750 0.837500 0.009375 0.019444
