0 0.626563 0.181944 0.034375 0.075000
0 0.980469 0.218056 0.035937 0.119444
0 0.278906 0.277778 0.070312 0.088889
0 0.797656 0.794444 0.039062 0.072222
0 0.239844 0.354167 0.042188 0.086111
0 0.747656 0.475000 0.070312 0.105556
0 0.697656 0.223611 0.026562 0.052778
0 0.627344 0.920833 0.060937 0.097222
0 0.017969 0.398611 0.032813 0.080556
0 0.027344 0.566667 0.051562 0.088889
0 0.121094 0.229167 0.017188 0.030556
0 0.071094 0.234722 0.023438 0.036111
0 0.253906 0.044444 0.039062 0.066667
0 0.125000 0.101389 0.043750 0.080556
0 0.442188 0.254167 0.034375 0.047222
0 0.839063 0.802778 0.034375 0.061111
0 0.895312 0.865278 0.028125 0.080556
