0 0.241406 0.286111 0.073438 0.094444
0 0.590625 0.188889 0.037500 0.077778
0 0.946094 0.226389 0.048438 0.119444
0 0.760156 0.793056 0.035937 0.063889
0 0.200781 0.359722 0.045312 0.086111
0 0.660156 0.233333 0.026562 0.050000
0 0.033594 0.248611 0.023438 0.047222
0 0.078125 0.244444 0.015625 0.050000
0 0.082031 0.104167 0.039062 0.080556
0 0.215625 0.052778 0.040625 0.072222
0 0.405469 0.259722 0.032813 0.047222
0 0.703906 0.511111 0.067187 0.161111
0 0.580469 0.918056 0.042188 0.091667
0 0.800000 0.800000 0.034375 0.061111
0 0.853125 0.865278 0.025000 0.075000
