0 0.053125 0.322222 0.075000 0.094444
0 0.428125 0.222222 0.034375 0.077778
0 0.746875 0.261111 0.046875 0.105556
0 0.585156 0.808333 0.039062 0.072222
0 0.960156 0.527778 0.035937 0.066667
0 0.500000 0.258333 0.025000 0.055556
0 0.814063 0.026389 0.053125 0.047222
0 0.024219 0.073611 0.045312 0.075000
0 0.232031 0.291667 0.035937 0.050000
0 0.507031 0.548611 0.064062 0.158333
0 0.413281 0.947222 0.048438 0.094444
0 0.627344 0.808333 0.032813 0.061111
0 0.675781 0.870833 0.026562 0.075000
0 0.575000 0.315278 0.025000 0.047222
