0 0.717187 0.534038 0.059375 0.096244
0 0.629687 0.576291 0.056250 0.091549
0 0.589063 0.167840 0.034375 0.058685
0 0.517969 0.408451 0.032813 0.051643
0 0.417969 0.261737 0.042188 0.072770
0 0.311719 0.313380 0.054688 0.086854
0 0.508594 0.686620 0.023438 0.035211
0 0.463281 0.529343 0.020313 0.049296
0 0.260156 0.787559 0.020313 0.039906
0 0.130469 0.730047 0.014063 0.028169
0 0.267188 0.699531 0.018750 0.023474
0 0.497656 0.725352 0.017188 0.023474
0 0.592187 0.382629 0.018750 0.028169
0 0.341406 0.470657 0.039062 0.072770
0 0.415625 0.555164 0.012500 0.021127
