0 0.646875 0.338028 0.062500 0.103286
0 0.752344 0.286385 0.076563 0.122066
0 0.505469 0.188967 0.039062 0.068075
0 0.433594 0.343897 0.035937 0.058685
0 0.484375 0.575117 0.031250 0.042254
0 0.471094 0.623239 0.026562 0.039906
0 0.487500 0.735915 0.031250 0.049296
0 0.606250 0.721831 0.028125 0.049296
0 0.675000 0.754695 0.053125 0.091549
0 0.264844 0.042254 0.060937 0.084507
0 0.295312 0.210094 0.053125 0.077465
0 0.363281 0.409624 0.014063 0.021127
0 0.453906 0.291080 0.029687 0.042254
0 0.653906 0.066901 0.029687 0.058685
0 0.899219 0.399061 0.020313 0.023474
