0 0.280469 0.452778 0.048438 0.105556
0 0.545312 0.466667 0.053125 0.111111
0 0.526563 0.588889 0.053125 0.122222
0 0.660937 0.673611 0.071875 0.130556
0 0.866406 0.643056 0.064062 0.069444
0 0.798438 0.887500 0.046875 0.119444
0 0.458594 0.737500 0.035937 0.086111
0 0.050781 0.948611 0.082812 0.097222
0 0.249219 0.897222 0.045312 0.072222
0 0.614062 0.873611 0.037500 0.075000
0 0.525000 0.862500 0.018750 0.041667
0 0.043750 0.663889 0.053125 0.088889
0 0.346875 0.584722 0.012500 0.025000
0 0.311719 0.593056 0.020313 0.030556
0 0.319531 0.702778 0.023438 0.027778
0 0.503906 0.859722 0.007812 0.019444
0 0.536719 0.756944 0.014063 0.036111
