0 0.367969 0.226389 0.039062 0.080556
0 0.442188 0.263889 0.028125 0.055556
0 0.683594 0.268056 0.045312 0.102778
0 0.891406 0.529167 0.039062 0.075000
0 0.525781 0.808333 0.039062 0.077778
0 0.746094 0.030556 0.051562 0.055556
0 0.167187 0.294444 0.034375 0.044444
0 0.010156 0.322222 0.020313 0.083333
0 0.444531 0.548611 0.064062 0.158333
0 0.354687 0.950000 0.043750 0.088889
0 0.565625 0.813889 0.031250 0.061111
0 0.615625 0.869444 0.021875 0.066667
0 0.549219 0.026389 0.060937 0.052778
0 0.513281 0.320833 0.020313 0.041667
