0 0.519531 0.146714 0.045312 0.063380
0 0.564063 0.319249 0.034375 0.061033
0 0.974219 0.460094 0.032813 0.037559
0 0.652344 0.566901 0.035937 0.053991
0 0.687500 0.563380 0.034375 0.056338
0 0.635938 0.636150 0.025000 0.037559
0 0.642969 0.693662 0.039062 0.053991
0 0.497656 0.704225 0.039062 0.056338
0 0.535937 0.541080 0.031250 0.053991
0 0.491406 0.796948 0.023438 0.039906
0 0.181250 0.508216 0.081250 0.086854
0 0.375000 0.406103 0.031250 0.051643
0 0.573438 0.754695 0.021875 0.030516
0 0.288281 0.933099 0.026562 0.035211
0 0.678125 0.465962 0.025000 0.058685
0 0.500000 0.764085 0.031250 0.039906
0 0.047656 0.802817 0.020313 0.032864
0 0.088281 0.773474 0.020313 0.035211
0 0.049219 0.350939 0.032813 0.044601
