0 0.506250 0.184272 0.050000 0.068075
0 0.456250 0.507042 0.043750 0.075117
0 0.623437 0.553991 0.050000 0.079812
0 0.605469 0.730047 0.048438 0.084507
0 0.394531 0.732394 0.054688 0.075117
0 0.399219 0.813380 0.048438 0.068075
0 0.672656 0.544601 0.042188 0.061033
0 0.597656 0.645540 0.026562 0.042254
0 0.508594 0.808685 0.032813 0.053991
0 0.382031 0.855634 0.032813 0.053991
0 0.306250 0.096244 0.043750 0.056338
0 0.224219 0.307512 0.035937 0.070423
0 0.263281 0.745305 0.029687 0.058685
0 0.227344 0.757042 0.035937 0.063380
0 0.035937 0.868545 0.046875 0.098592
0 0.667969 0.401408 0.029687 0.079812
