0 0.446875 0.225352 0.056250 0.065728
0 0.068750 0.673709 0.087500 0.098592
0 0.458594 0.677230 0.035937 0.058685
0 0.594531 0.706573 0.039062 0.061033
0 0.634375 0.700704 0.040625 0.063380
0 0.493750 0.423709 0.040625 0.058685
0 0.414844 0.862676 0.042188 0.063380
0 0.511719 0.920188 0.029687 0.061033
0 0.583594 0.847418 0.032813 0.061033
0 0.576562 0.778169 0.021875 0.035211
0 0.421875 0.920188 0.031250 0.042254
0 0.412500 0.955399 0.025000 0.042254
0 0.338281 0.363850 0.035937 0.046948
0 0.275781 0.536385 0.029687 0.049296
0 0.285938 0.881455 0.028125 0.049296
0 0.315625 0.873239 0.025000 0.046948
0 0.626563 0.582160 0.025000 0.056338
0 0.853125 0.427230 0.025000 0.032864
0 0.969531 0.572770 0.026562 0.032864
