0 0.377344 0.140845 0.060937 0.098592
0 0.426563 0.179577 0.046875 0.063380
0 0.244531 0.400235 0.042188 0.068075
0 0.507031 0.627934 0.067187 0.105634
0 0.558594 0.730047 0.073438 0.098592
0 0.385156 0.707746 0.054688 0.091549
0 0.091406 0.814554 0.054688 0.079812
0 0.835938 0.651408 0.037500 0.068075
0 0.594531 0.461268 0.064062 0.100939
0 0.693750 0.617371 0.050000 0.093897
0 0.641406 0.757042 0.048438 0.091549
0 0.417969 0.440141 0.048438 0.058685
0 0.581250 0.276995 0.037500 0.061033
0 0.385937 0.219484 0.037500 0.053991
0 0.082031 0.154930 0.029687 0.046948
0 0.670312 0.920188 0.025000 0.046948
0 0.439063 0.776995 0.031250 0.042254
0 0.817969 0.775822 0.032813 0.044601
0 0.884375 0.762911 0.046875 0.056338
0 0.791406 0.640845 0.029687 0.046948
0 0.710938 0.427230 0.040625 0.056338
