0 0.372656 0.361502 0.039062 0.065728
0 0.404687 0.123239 0.034375 0.053991
0 0.419531 0.082160 0.032813 0.051643
0 0.774219 0.171362 0.023438 0.037559
0 0.817187 0.212441 0.028125 0.039906
0 0.826562 0.348592 0.025000 0.044601
0 0.952344 0.495305 0.026562 0.042254
0 0.958594 0.542254 0.020313 0.046948
0 0.705469 0.524648 0.035937 0.044601
0 0.615625 0.395540 0.025000 0.049296
0 0.375781 0.740610 0.026562 0.049296
0 0.875000 0.934272 0.025000 0.046948
0 0.310937 0.458920 0.025000 0.063380
0 0.341406 0.456573 0.029687 0.044601
0 0.085938 0.660798 0.028125 0.049296
0 0.470313 0.809859 0.037500 0.046948
0 0.938281 0.890845 0.017188 0.025822
0 0.329688 0.556338 0.021875 0.056338
0 0.675781 0.714789 0.020313 0.039906
0 0.260937 0.640845 0.018750 0.032864
0 0.350000 0.684272 0.018750 0.044601
