0 0.086719 0.284038 0.054688 0.089202
0 0.257812 0.080986 0.043750 0.072770
0 0.235156 0.535211 0.048438 0.079812
0 0.325000 0.646714 0.037500 0.068075
0 0.382812 0.865023 0.046875 0.091549
0 0.471094 0.866197 0.042188 0.070423
0 0.790625 0.438967 0.050000 0.079812
0 0.930469 0.444836 0.057813 0.091549
0 0.335938 0.076291 0.043750 0.082160
0 0.564844 0.690141 0.048438 0.061033
0 0.667188 0.440141 0.040625 0.063380
0 0.732031 0.258216 0.039062 0.070423
0 0.792969 0.698357 0.039062 0.063380
0 0.933594 0.726526 0.035937 0.053991
0 0.983594 0.956573 0.029687 0.058685
