0 0.433594 0.345070 0.057813 0.098592
0 0.659375 0.339202 0.056250 0.086854
0 0.278906 0.329812 0.054688 0.086854
0 0.284375 0.625587 0.043750 0.082160
0 0.493750 0.907277 0.043750 0.068075
0 0.791406 0.538732 0.039062 0.063380
0 0.214062 0.123239 0.050000 0.091549
0 0.435937 0.666667 0.043750 0.089202
0 0.145313 0.334507 0.050000 0.072770
0 0.018750 0.615023 0.034375 0.070423
0 0.660156 0.974178 0.039062 0.046948
0 0.842969 0.663146 0.032813 0.049296
0 0.571875 0.406103 0.031250 0.042254
0 0.848437 0.593897 0.028125 0.056338
0 0.803906 0.874413 0.039062 0.068075
0 0.288281 0.931925 0.032813 0.056338
0 0.687500 0.118545 0.043750 0.053991
