0 0.473438 0.223005 0.034375 0.051643
0 0.345313 0.464789 0.025000 0.037559
0 0.348438 0.509390 0.025000 0.032864
0 0.620313 0.411972 0.034375 0.049296
0 0.661719 0.426056 0.029687 0.049296
0 0.510156 0.816901 0.029687 0.051643
0 0.156250 0.382629 0.025000 0.037559
0 0.307812 0.627934 0.025000 0.039906
0 0.324219 0.926056 0.023438 0.044601
0 0.387500 0.234742 0.031250 0.046948
0 0.752344 0.485915 0.032813 0.056338
0 0.520312 0.411972 0.028125 0.053991
0 0.754687 0.686620 0.028125 0.053991
0 0.263281 0.887324 0.023438 0.028169
0 0.451562 0.856808 0.021875 0.037559
0 0.543750 0.800469 0.021875 0.032864
0 0.582031 0.809859 0.014063 0.028169
0 0.336719 0.194836 0.026562 0.046948
0 0.561719 0.382629 0.032813 0.051643
0 0.988281 0.237089 0.020313 0.056338
