0 0.475000 0.549296 0.018750 0.032864
0 0.411719 0.639671 0.023438 0.035211
0 0.381250 0.598592 0.015625 0.037559
0 0.493750 0.582160 0.021875 0.028169
0 0.450781 0.618545 0.020313 0.030516
0 0.367969 0.397887 0.017188 0.030516
0 0.385156 0.396714 0.017188 0.028169
0 0.393750 0.422535 0.018750 0.028169
0 0.438281 0.440141 0.023438 0.035211
0 0.347656 0.266432 0.023438 0.035211
0 0.276562 0.397887 0.021875 0.025822
0 0.077344 0.320423 0.020313 0.030516
0 0.160938 0.292254 0.018750 0.030516
0 0.162500 0.090376 0.025000 0.030516
0 0.164844 0.059859 0.020313 0.030516
0 0.098437 0.185446 0.021875 0.028169
0 0.692187 0.173709 0.018750 0.032864
0 0.275000 0.507042 0.018750 0.032864
0 0.528906 0.390845 0.017188 0.030516
0 0.871875 0.853286 0.018750 0.030516
0 0.862500 0.629108 0.018750 0.023474
0 0.900000 0.555164 0.018750 0.025822
0 0.407031 0.583333 0.014063 0.021127
0 0.244531 0.537559 0.017188 0.023474
0 0.433594 0.312207 0.017188 0.032864
0 0.772656 0.938967 0.023438 0.023474
0 0.543750 0.744131 0.015625 0.018779
0 0.789062 0.654930 0.012500 0.018779
0 0.745313 0.206573 0.015625 0.023474
0 0.817969 0.154930 0.017188 0.023474
0 0.797656 0.163146 0.014063 0.021127
0 0.800781 0.183099 0.014063 0.023474
0 0.814844 0.190141 0.014063 0.018779
0 0.811719 0.659624 0.017188 0.023474
0 0.720313 0.379108 0.018750 0.021127
0 0.776563 0.906103 0.015625 0.023474
