0 0.082031 0.068075 0.026562 0.046948
0 0.108594 0.085681 0.026562 0.039906
0 0.080469 0.267606 0.026562 0.037559
0 0.189844 0.230047 0.026562 0.046948
0 0.439844 0.192488 0.026562 0.042254
0 0.342187 0.370892 0.025000 0.042254
0 0.466406 0.368545 0.023438 0.042254
0 0.487500 0.372066 0.025000 0.035211
0 0.498437 0.401408 0.025000 0.037559
0 0.557813 0.430751 0.034375 0.053991
0 0.522656 0.696009 0.029687 0.049296
0 0.602344 0.572770 0.032813 0.046948
0 0.624219 0.623239 0.029687 0.049296
0 0.545312 0.545775 0.025000 0.044601
0 0.483594 0.642019 0.026562 0.044601
0 0.342969 0.516432 0.026562 0.042254
0 0.358594 0.914319 0.020313 0.030516
0 0.553906 0.254695 0.026562 0.044601
0 0.702344 0.836854 0.026562 0.035211
0 0.573438 0.670188 0.021875 0.044601
0 0.679688 0.361502 0.018750 0.037559
0 0.903125 0.061033 0.025000 0.032864
0 0.946875 0.106808 0.018750 0.039906
0 0.976562 0.104460 0.021875 0.035211
0 0.434375 0.808685 0.025000 0.039906
0 0.050000 0.603286 0.028125 0.037559
0 0.027344 0.546948 0.023438 0.032864
0 0.100781 0.230047 0.020313 0.028169
0 0.303125 0.558685 0.018750 0.037559
0 0.296875 0.643192 0.025000 0.032864
0 0.517969 0.618545 0.023438 0.035211
