0 0.323437 0.437793 0.031250 0.044601
0 0.471875 0.454225 0.021875 0.039906
0 0.493750 0.462441 0.025000 0.037559
0 0.408594 0.488263 0.029687 0.046948
0 0.380469 0.485915 0.029687 0.051643
0 0.497656 0.409624 0.029687 0.039906
0 0.467187 0.417840 0.028125 0.042254
0 0.406250 0.772300 0.031250 0.061033
0 0.118750 0.780516 0.025000 0.044601
0 0.431250 0.730047 0.021875 0.037559
0 0.542969 0.350939 0.017188 0.025822
0 0.364063 0.048122 0.025000 0.035211
0 0.608594 0.765258 0.017188 0.028169
0 0.439063 0.616197 0.025000 0.039906
0 0.109375 0.720657 0.031250 0.042254
