0 0.399219 0.287559 0.032813 0.049296
0 0.367969 0.284038 0.029687 0.046948
0 0.307812 0.238263 0.034375 0.044601
0 0.018750 0.714789 0.034375 0.063380
0 0.057031 0.877934 0.035937 0.051643
0 0.083594 0.943662 0.035937 0.065728
0 0.468750 0.630282 0.037500 0.063380
0 0.507031 0.481221 0.029687 0.046948
0 0.482812 0.401408 0.025000 0.046948
0 0.428125 0.224178 0.025000 0.039906
0 0.429688 0.187793 0.025000 0.037559
0 0.750781 0.906103 0.032813 0.046948
0 0.606250 0.947183 0.028125 0.044601
0 0.510938 0.586854 0.021875 0.032864
0 0.157031 0.629108 0.023438 0.042254
0 0.690625 0.636150 0.015625 0.028169
0 0.707031 0.649061 0.020313 0.035211
0 0.894531 0.904930 0.023438 0.039906
0 0.860938 0.899061 0.021875 0.037559
0 0.148438 0.436620 0.028125 0.032864
0 0.435156 0.362676 0.032813 0.039906
0 0.620313 0.188967 0.015625 0.025822
0 0.134375 0.559859 0.025000 0.039906
