0 0.315625 0.406103 0.031250 0.051643
0 0.371875 0.288732 0.031250 0.056338
0 0.488281 0.274648 0.023438 0.051643
0 0.514844 0.284038 0.035937 0.042254
0 0.617969 0.275822 0.029687 0.049296
0 0.705469 0.461268 0.032813 0.044601
0 0.392188 0.592723 0.028125 0.044601
0 0.233594 0.455399 0.032813 0.056338
0 0.200781 0.444836 0.026562 0.039906
0 0.315625 0.752347 0.034375 0.058685
0 0.157812 0.882629 0.031250 0.046948
0 0.171875 0.834507 0.031250 0.049296
0 0.520312 0.528169 0.025000 0.037559
0 0.429688 0.424883 0.028125 0.042254
0 0.914844 0.309859 0.026562 0.032864
0 0.839063 0.780516 0.018750 0.030516
0 0.227344 0.327465 0.023438 0.035211
0 0.507812 0.801643 0.031250 0.044601
0 0.489063 0.557512 0.028125 0.035211
