0 0.325000 0.095070 0.031250 0.053991
0 0.082031 0.105634 0.026562 0.051643
0 0.226562 0.098592 0.034375 0.051643
0 0.231250 0.333333 0.021875 0.042254
0 0.025781 0.225352 0.029687 0.056338
0 0.140625 0.238263 0.028125 0.044601
0 0.100000 0.397887 0.025000 0.049296
0 0.031250 0.572770 0.034375 0.056338
0 0.393750 0.838028 0.025000 0.051643
0 0.307031 0.921362 0.032813 0.053991
0 0.412500 0.279343 0.031250 0.051643
0 0.613281 0.123239 0.023438 0.035211
0 0.542969 0.593897 0.026562 0.037559
0 0.626563 0.862676 0.025000 0.044601
0 0.219531 0.605634 0.026562 0.037559
