0 0.338281 0.211268 0.035937 0.061033
0 0.207031 0.438967 0.035937 0.056338
0 0.366406 0.447183 0.029687 0.053991
0 0.397656 0.451878 0.029687 0.053991
0 0.410938 0.494131 0.034375 0.053991
0 0.491406 0.534038 0.045312 0.063380
0 0.546094 0.724178 0.035937 0.053991
0 0.571094 0.791080 0.039062 0.061033
0 0.509375 0.847418 0.034375 0.046948
0 0.437500 0.882629 0.034375 0.061033
0 0.471875 0.688967 0.037500 0.053991
0 0.387500 0.814554 0.028125 0.061033
0 0.201563 0.637324 0.040625 0.049296
0 0.146094 0.693662 0.026562 0.049296
0 0.492188 0.303991 0.028125 0.053991
0 0.135937 0.805164 0.031250 0.046948
0 0.432812 0.785211 0.034375 0.044601
0 0.655469 0.453052 0.026562 0.051643
0 0.592187 0.845070 0.028125 0.042254
