0 0.273438 0.236111 0.037500 0.083333
0 0.352344 0.276389 0.026562 0.063889
0 0.582031 0.281944 0.042188 0.102778
0 0.642188 0.052778 0.053125 0.061111
0 0.785937 0.540278 0.037500 0.075000
0 0.433594 0.816667 0.039062 0.072222
0 0.057031 0.304167 0.045312 0.052778
0 0.331250 0.568056 0.059375 0.158333
0 0.234375 0.969444 0.053125 0.055556
0 0.473438 0.820833 0.031250 0.058333
0 0.521875 0.877778 0.025000 0.066667
0 0.420312 0.336111 0.021875 0.050000
0 0.451562 0.031944 0.065625 0.063889
0 0.957812 0.120833 0.037500 0.091667
0 0.898438 0.473611 0.018750 0.030556
