0 0.102344 0.338028 0.023438 0.042254
0 0.146875 0.474178 0.021875 0.032864
0 0.200781 0.433099 0.017188 0.030516
0 0.297656 0.241784 0.020313 0.037559
0 0.386719 0.185446 0.026562 0.028169
0 0.457813 0.447183 0.018750 0.030516
0 0.464062 0.631455 0.018750 0.032864
0 0.256250 0.692488 0.021875 0.037559
0 0.445312 0.728873 0.021875 0.035211
0 0.519531 0.645540 0.017188 0.028169
0 0.050781 0.642019 0.023438 0.035211
0 0.065625 0.697183 0.025000 0.037559
0 0.093750 0.590376 0.025000 0.039906
0 0.602344 0.292254 0.032813 0.039906
0 0.621094 0.340376 0.026562 0.042254
0 0.924219 0.475352 0.020313 0.035211
0 0.525000 0.367371 0.018750 0.035211
0 0.257812 0.528169 0.015625 0.023474
0 0.660937 0.488263 0.021875 0.023474
0 0.474219 0.342723 0.020313 0.032864
0 0.297656 0.752347 0.014063 0.025822
