0 0.220312 0.238889 0.037500 0.083333
0 0.395313 0.038889 0.065625 0.077778
0 0.590625 0.062500 0.053125 0.063889
0 0.532813 0.291667 0.043750 0.105556
0 0.299219 0.277778 0.026562 0.055556
0 0.381250 0.823611 0.037500 0.075000
0 0.731250 0.538889 0.037500 0.066667
0 0.892969 0.125000 0.042188 0.088889
0 0.279687 0.579167 0.062500 0.152778
0 0.423438 0.826389 0.031250 0.058333
0 0.468750 0.879167 0.025000 0.069444
0 0.185938 0.975000 0.050000 0.044444
0 0.810156 0.601389 0.020313 0.036111
0 0.839844 0.476389 0.017188 0.030556
0 0.369531 0.341667 0.026562 0.050000
