0 0.664062 0.487089 0.031250 0.058685
0 0.910937 0.453052 0.028125 0.056338
0 0.826562 0.698357 0.025000 0.049296
0 0.626563 0.767606 0.028125 0.046948
0 0.803125 0.820423 0.025000 0.049296
0 0.257031 0.167840 0.020313 0.035211
0 0.928125 0.568075 0.028125 0.037559
0 0.970313 0.379108 0.028125 0.058685
0 0.093750 0.176056 0.015625 0.032864
0 0.203125 0.388498 0.021875 0.039906
0 0.244531 0.198357 0.014063 0.030516
0 0.417969 0.355634 0.032813 0.039906
0 0.531250 0.551643 0.025000 0.042254
0 0.611719 0.356808 0.020313 0.028169
0 0.686719 0.645540 0.020313 0.032864
0 0.973437 0.805164 0.021875 0.032864
0 0.958594 0.490610 0.020313 0.032864
0 0.553906 0.151408 0.029687 0.035211
0 0.706250 0.225352 0.018750 0.028169
0 0.260156 0.713615 0.014063 0.023474
