0 0.368750 0.038889 0.065625 0.077778
0 0.562500 0.069444 0.050000 0.066667
0 0.862500 0.133333 0.037500 0.083333
0 0.501563 0.293056 0.046875 0.102778
0 0.195312 0.240278 0.037500 0.086111
0 0.276562 0.280556 0.025000 0.061111
0 0.357031 0.827778 0.039062 0.072222
0 0.706250 0.544444 0.037500 0.072222
0 0.250781 0.586111 0.060937 0.161111
0 0.341406 0.345833 0.023438 0.052778
0 0.157812 0.975000 0.056250 0.044444
0 0.396875 0.829167 0.028125 0.052778
0 0.442969 0.883333 0.026562 0.066667
0 0.782031 0.602778 0.023438 0.038889
0 0.810937 0.475000 0.018750 0.033333
