0 0.302344 0.302817 0.026562 0.042254
0 0.481250 0.293427 0.031250 0.056338
0 0.471875 0.370892 0.031250 0.042254
0 0.594531 0.339202 0.026562 0.044601
0 0.591406 0.163146 0.042188 0.053991
0 0.817187 0.107981 0.031250 0.051643
0 0.859375 0.414319 0.040625 0.068075
0 0.589844 0.615023 0.026562 0.037559
0 0.591406 0.734742 0.026562 0.042254
0 0.215625 0.404930 0.031250 0.049296
0 0.325781 0.559859 0.026562 0.044601
0 0.271094 0.645540 0.032813 0.061033
0 0.098437 0.416667 0.040625 0.063380
0 0.447656 0.726526 0.014063 0.025822
0 0.078125 0.496479 0.037500 0.053991
0 0.457813 0.541080 0.018750 0.030516
0 0.260937 0.788732 0.025000 0.032864
0 0.199219 0.079812 0.017188 0.028169
0 0.778125 0.406103 0.031250 0.037559
0 0.685156 0.539906 0.032813 0.042254
0 0.881250 0.523474 0.025000 0.037559
0 0.737500 0.585681 0.018750 0.025822
