0 0.361719 0.091549 0.039062 0.056338
0 0.255469 0.183099 0.035937 0.056338
0 0.364063 0.329812 0.043750 0.063380
0 0.292187 0.411972 0.043750 0.068075
0 0.204687 0.536385 0.043750 0.068075
0 0.415625 0.509390 0.037500 0.056338
0 0.583594 0.341549 0.048438 0.072770
0 0.567969 0.503521 0.042188 0.072770
0 0.273438 0.868545 0.040625 0.061033
0 0.244531 0.947183 0.029687 0.049296
0 0.757031 0.545775 0.029687 0.049296
0 0.839844 0.561033 0.026562 0.046948
0 0.628125 0.798122 0.025000 0.042254
0 0.718750 0.617371 0.025000 0.046948
0 0.703125 0.828638 0.021875 0.037559
0 0.878125 0.397887 0.015625 0.021127
0 0.838281 0.365023 0.017188 0.025822
0 0.435156 0.267606 0.032813 0.042254
0 0.646094 0.684272 0.023438 0.030516
0 0.664062 0.748826 0.021875 0.037559
0 0.665625 0.720657 0.025000 0.037559
0 0.350781 0.254695 0.042188 0.072770
0 0.107813 0.278169 0.034375 0.035211
