0 0.071094 0.266667 0.042188 0.083333
0 0.248438 0.062500 0.065625 0.108333
0 0.393750 0.329167 0.043750 0.102778
0 0.449219 0.109722 0.048438 0.063889
0 0.954688 0.272222 0.056250 0.088889
0 0.736719 0.183333 0.039062 0.083333
0 0.592187 0.573611 0.034375 0.063889
0 0.245312 0.868056 0.034375 0.075000
0 0.160156 0.306944 0.029687 0.058333
0 0.125781 0.643056 0.064062 0.152778
0 0.331250 0.922222 0.025000 0.066667
0 0.120313 0.036111 0.053125 0.072222
0 0.696094 0.502778 0.017188 0.027778
0 0.669531 0.627778 0.020313 0.033333
0 0.283594 0.872222 0.029687 0.061111
