0 0.037500 0.280556 0.037500 0.094444
0 0.130469 0.323611 0.029687 0.063889
0 0.220312 0.083333 0.062500 0.111111
0 0.419531 0.130556 0.051562 0.061111
0 0.360938 0.348611 0.040625 0.102778
0 0.561719 0.588889 0.035937 0.066667
0 0.919531 0.295833 0.054688 0.091667
0 0.701562 0.201389 0.037500 0.075000
0 0.207031 0.893056 0.042188 0.069444
0 0.300781 0.941667 0.026562 0.066667
0 0.087500 0.668056 0.068750 0.158333
0 0.087500 0.045833 0.053125 0.086111
0 0.667188 0.519444 0.015625 0.027778
0 0.252344 0.891667 0.035937 0.061111
0 0.645312 0.641667 0.015625 0.033333
