0 0.400000 0.376563 0.033333 0.025000
0 0.608333 0.354687 0.029167 0.025000
0 0.548958 0.432031 0.035417 0.026562
0 0.726042 0.393750 0.039583 0.031250
0 0.152083 0.425781 0.029167 0.023438
0 0.126042 0.457813 0.031250 0.025000
0 0.256250 0.404687 0.029167 0.025000
0 0.821875 0.613281 0.035417 0.029687
0 0.795833 0.664062 0.033333 0.025000
0 0.539583 0.528906 0.029167 0.023438
0 0.556250 0.566406 0.025000 0.020313
0 0.257292 0.595313 0.035417 0.021875
0 0.052083 0.616406 0.029167 0.026562
0 0.860417 0.183594 0.033333 0.026562
0 0.721875 0.253125 0.031250 0.021875
0 0.820833 0.344531 0.029167 0.029687
0 0.471875 0.293750 0.027083 0.018750
0 0.879167 0.535156 0.041667 0.035937
0 0.602083 0.393750 0.025000 0.021875
0 0.084375 0.657031 0.022917 0.017188
0 0.051042 0.796875 0.027083 0.021875
0 0.452083 0.416406 0.029167 0.020313
0 0.276042 0.441406 0.022917 0.017188
0 0.953125 0.484375 0.031250 0.028125
0 0.920833 0.482812 0.025000 0.018750
0 0.650000 0.465625 0.025000 0.018750
0 0.737500 0.507031 0.029167 0.023438
0 0.448958 0.514844 0.022917 0.017188
