0 0.661458 0.417187 0.047917 0.040625
0 0.673958 0.525000 0.043750 0.031250
0 0.921875 0.520312 0.039583 0.037500
0 0.477083 0.639844 0.041667 0.035937
0 0.643750 0.705469 0.041667 0.035937
0 0.483333 0.197656 0.045833 0.045312
0 0.520833 0.158594 0.045833 0.039062
0 0.713542 0.317188 0.039583 0.034375
0 0.515625 0.282031 0.043750 0.029687
0 0.500000 0.380469 0.037500 0.029687
0 0.165625 0.975000 0.031250 0.021875
0 0.471875 0.539062 0.047917 0.028125
0 0.908333 0.743750 0.029167 0.031250
0 0.794792 0.711719 0.027083 0.023438
0 0.490625 0.455469 0.039583 0.020313
0 0.575000 0.230469 0.054167 0.042188
0 0.519792 0.679688 0.035417 0.040625
