0 0.551042 0.305469 0.043750 0.029687
0 0.762500 0.310156 0.041667 0.029687
0 0.806250 0.243750 0.033333 0.025000
0 0.720833 0.331250 0.033333 0.025000
0 0.802083 0.386719 0.033333 0.032813
0 0.959375 0.417969 0.035417 0.026562
0 0.484375 0.360938 0.039583 0.028125
0 0.413542 0.396094 0.031250 0.023438
0 0.477083 0.566406 0.033333 0.029687
0 0.514583 0.503125 0.029167 0.021875
0 0.255208 0.466406 0.031250 0.029687
0 0.141667 0.579688 0.025000 0.021875
0 0.115625 0.586719 0.022917 0.020313
0 0.189583 0.604688 0.037500 0.021875
0 0.251042 0.696875 0.031250 0.018750
0 0.246875 0.765625 0.031250 0.021875
0 0.518750 0.734375 0.029167 0.025000
0 0.573958 0.663281 0.027083 0.026562
0 0.702083 0.618750 0.037500 0.031250
0 0.643750 0.703906 0.025000 0.020313
0 0.894792 0.614062 0.043750 0.040625
0 0.837500 0.712500 0.050000 0.034375
0 0.977083 0.704688 0.041667 0.028125
0 0.913542 0.789844 0.043750 0.032813
0 0.984375 0.825000 0.027083 0.031250
0 0.977083 0.873437 0.041667 0.034375
0 0.796875 0.871094 0.031250 0.029687
0 0.666667 0.912500 0.033333 0.025000
0 0.594792 0.987500 0.035417 0.018750
0 0.756250 0.651563 0.037500 0.028125
0 0.310417 0.456250 0.025000 0.018750
0 0.167708 0.451562 0.027083 0.025000
0 0.298958 0.724219 0.018750 0.014063
0 0.851042 0.831250 0.027083 0.028125
0 0.857292 0.374219 0.022917 0.026562
