0 0.478125 0.351042 0.034375 0.047917
0 0.468750 0.655208 0.043750 0.064583
0 0.521094 0.682292 0.045312 0.060417
0 0.723437 0.710417 0.034375 0.050000
0 0.800781 0.843750 0.032813 0.045833
0 0.136719 0.615625 0.035937 0.043750
0 0.117188 0.551042 0.025000 0.039583
0 0.930469 0.634375 0.029687 0.043750
0 0.290625 0.518750 0.028125 0.029167
0 0.078125 0.640625 0.018750 0.027083
0 0.407031 0.398958 0.039062 0.052083
0 0.817187 0.971875 0.031250 0.052083
0 0.946875 0.948958 0.025000 0.039583
0 0.046875 0.106250 0.031250 0.041667
0 0.482812 0.105208 0.028125 0.039583
