0 0.494531 0.340625 0.026562 0.039583
0 0.521094 0.304167 0.029687 0.041667
0 0.644531 0.569792 0.039062 0.064583
0 0.283594 0.577083 0.042188 0.058333
0 0.022656 0.698958 0.045312 0.068750
0 0.103125 0.477083 0.046875 0.050000
0 0.102344 0.392708 0.029687 0.047917
0 0.400000 0.121875 0.021875 0.035417
0 0.586719 0.183333 0.026562 0.029167
0 0.222656 0.097917 0.017188 0.029167
0 0.459375 0.285417 0.018750 0.025000
0 0.776563 0.403125 0.028125 0.031250
0 0.626563 0.437500 0.031250 0.025000
0 0.634375 0.316667 0.018750 0.033333
0 0.723437 0.355208 0.021875 0.027083
0 0.775000 0.717708 0.028125 0.047917
0 0.810156 0.981250 0.042188 0.033333
0 0.151562 0.331250 0.025000 0.033333
