0 0.497656 0.344792 0.017188 0.022917
0 0.531250 0.331250 0.015625 0.020833
0 0.552344 0.333333 0.014063 0.020833
0 0.907031 0.655208 0.042188 0.043750
0 0.489844 0.562500 0.014063 0.020833
0 0.514062 0.504167 0.015625 0.020833
0 0.289844 0.633333 0.017188 0.025000
0 0.589844 0.453125 0.014063 0.018750
0 0.492188 0.441667 0.012500 0.016667
0 0.589063 0.552083 0.015625 0.025000
0 0.988281 0.265625 0.020313 0.035417
0 0.367188 0.451042 0.009375 0.014583
0 0.595313 0.643750 0.012500 0.016667
0 0.908594 0.284375 0.017188 0.018750
