0 0.338281 0.194792 0.026562 0.031250
0 0.289062 0.276042 0.021875 0.027083
0 0.403906 0.203125 0.020313 0.031250
0 0.633594 0.259375 0.023438 0.031250
0 0.321875 0.463542 0.025000 0.035417
0 0.593750 0.441667 0.025000 0.033333
0 0.200000 0.601042 0.040625 0.039583
0 0.573438 0.942708 0.031250 0.056250
0 0.474219 0.495833 0.020313 0.033333
0 0.532813 0.189583 0.018750 0.020833
0 0.224219 0.265625 0.017188 0.027083
0 0.936719 0.748958 0.042188 0.047917
0 0.982031 0.136458 0.032813 0.043750
0 0.300781 0.518750 0.017188 0.025000
0 0.446094 0.301042 0.014063 0.018750
0 0.478906 0.417708 0.020313 0.027083
0 0.966406 0.365625 0.023438 0.035417
0 0.683594 0.716667 0.026562 0.033333
0 0.562500 0.604167 0.018750 0.029167
0 0.603906 0.686458 0.020313 0.027083
0 0.621875 0.460417 0.018750 0.020833
0 0.344531 0.287500 0.014063 0.016667
0 0.642969 0.228125 0.010937 0.014583
0 0.662500 0.267708 0.012500 0.014583
