0 0.292969 0.480556 0.045312 0.111111
0 0.556250 0.495833 0.053125 0.113889
0 0.539062 0.622222 0.050000 0.133333
0 0.674219 0.706944 0.073438 0.130556
0 0.880469 0.670833 0.060937 0.069444
0 0.815625 0.919444 0.053125 0.127778
0 0.469531 0.758333 0.035937 0.077778
0 0.060156 0.687500 0.045312 0.086111
0 0.065625 0.962500 0.084375 0.075000
0 0.535937 0.886111 0.021875 0.044444
0 0.262500 0.926389 0.043750 0.075000
0 0.625781 0.906944 0.039062 0.080556
0 0.332031 0.726389 0.023438 0.030556
0 0.358594 0.608333 0.014063 0.027778
0 0.321094 0.618056 0.014063 0.025000
0 0.549219 0.777778 0.014063 0.038889
