0 0.192969 0.104167 0.070312 0.119444
0 0.053906 0.055556 0.057813 0.111111
0 0.099219 0.336111 0.029687 0.061111
0 0.331250 0.365278 0.043750 0.097222
0 0.390625 0.150000 0.050000 0.055556
0 0.886719 0.318056 0.051562 0.091667
0 0.532813 0.605556 0.037500 0.066667
0 0.181250 0.911111 0.043750 0.072222
0 0.224219 0.915278 0.029687 0.058333
0 0.267969 0.963889 0.023438 0.061111
0 0.050781 0.687500 0.073438 0.158333
0 0.010937 0.295833 0.021875 0.086111
0 0.674219 0.229167 0.032813 0.075000
0 0.615625 0.655556 0.009375 0.027778
