0 0.621875 0.476042 0.028125 0.043750
0 0.611719 0.530208 0.029687 0.047917
0 0.654687 0.533333 0.028125 0.041667
0 0.722656 0.385417 0.029687 0.045833
0 0.776563 0.335417 0.028125 0.033333
0 0.969531 0.519792 0.026562 0.039583
0 0.946094 0.716667 0.039062 0.050000
0 0.879687 0.656250 0.028125 0.037500
0 0.799219 0.790625 0.023438 0.039583
0 0.475781 0.839583 0.029687 0.041667
0 0.452344 0.912500 0.026562 0.041667
0 0.410938 0.633333 0.025000 0.045833
0 0.397656 0.711458 0.026562 0.039583
0 0.237500 0.833333 0.031250 0.033333
0 0.239063 0.425000 0.031250 0.037500
0 0.193750 0.455208 0.025000 0.031250
0 0.052344 0.191667 0.029687 0.041667
0 0.442188 0.384375 0.018750 0.027083
0 0.189844 0.640625 0.023438 0.035417
0 0.164844 0.698958 0.020313 0.031250
0 0.248438 0.175000 0.021875 0.033333
0 0.123438 0.365625 0.018750 0.022917
0 0.481250 0.898958 0.021875 0.027083
0 0.349219 0.438542 0.017188 0.031250
0 0.213281 0.211458 0.020313 0.031250
0 0.097656 0.229167 0.017188 0.029167
0 0.071094 0.332292 0.014063 0.022917
0 0.140625 0.259375 0.015625 0.027083
