0 0.360938 0.170833 0.050000 0.052778
0 0.159375 0.122222 0.068750 0.111111
0 0.301563 0.391667 0.043750 0.105556
0 0.850781 0.336111 0.051562 0.083333
0 0.504687 0.623611 0.040625 0.069444
0 0.148438 0.934722 0.046875 0.080556
0 0.025000 0.059722 0.050000 0.119444
0 0.064844 0.351389 0.023438 0.047222
0 0.644531 0.251389 0.029687 0.075000
0 0.902344 0.843056 0.026562 0.036111
0 0.587500 0.675000 0.015625 0.033333
0 0.607812 0.550000 0.015625 0.027778
0 0.025781 0.726389 0.048438 0.147222
0 0.978906 0.322222 0.032813 0.055556
