0 0.308594 0.498611 0.045312 0.097222
0 0.571094 0.518056 0.054688 0.113889
0 0.552344 0.647222 0.051562 0.127778
0 0.481250 0.779167 0.031250 0.086111
0 0.691406 0.733333 0.073438 0.133333
0 0.896875 0.697222 0.059375 0.066667
0 0.828906 0.938889 0.051562 0.116667
0 0.276562 0.943056 0.046875 0.069444
0 0.638281 0.918056 0.035937 0.063889
0 0.548438 0.902778 0.018750 0.044444
0 0.075781 0.709722 0.054688 0.097222
0 0.083594 0.972222 0.079687 0.050000
0 0.345313 0.745833 0.021875 0.030556
0 0.371875 0.623611 0.012500 0.019444
