0 0.327344 0.527778 0.048438 0.111111
0 0.585938 0.541667 0.053125 0.111111
0 0.566406 0.670833 0.048438 0.130556
0 0.705469 0.752778 0.070312 0.127778
0 0.911719 0.720833 0.060937 0.069444
0 0.845313 0.951389 0.053125 0.091667
0 0.497656 0.795833 0.035937 0.080556
0 0.650781 0.944444 0.032813 0.077778
0 0.293750 0.962500 0.046875 0.069444
0 0.094531 0.731944 0.051562 0.097222
0 0.563281 0.922222 0.023438 0.044444
0 0.359375 0.762500 0.025000 0.030556
0 0.116406 0.981944 0.045312 0.030556
0 0.387500 0.643056 0.015625 0.025000
0 0.542188 0.913889 0.009375 0.022222
