0 0.347656 0.540278 0.051562 0.102778
0 0.603125 0.552778 0.059375 0.105556
0 0.585156 0.686111 0.051562 0.122222
0 0.722656 0.772222 0.070312 0.133333
0 0.931250 0.743056 0.062500 0.075000
0 0.859375 0.961111 0.056250 0.072222
0 0.513281 0.813889 0.035937 0.083333
0 0.667969 0.958333 0.035937 0.066667
0 0.112500 0.744444 0.053125 0.094444
0 0.576562 0.934722 0.021875 0.041667
0 0.375781 0.779167 0.023438 0.030556
0 0.400781 0.656944 0.017188 0.025000
0 0.364063 0.659722 0.012500 0.030556
0 0.307812 0.970833 0.046875 0.052778
0 0.555469 0.927778 0.010937 0.022222
