0 0.362500 0.551389 0.046875 0.097222
0 0.621094 0.566667 0.054688 0.105556
0 0.603125 0.700000 0.053125 0.133333
0 0.743750 0.786111 0.071875 0.127778
0 0.953906 0.759722 0.064062 0.080556
0 0.528125 0.823611 0.037500 0.080556
0 0.685937 0.963889 0.037500 0.066667
0 0.136719 0.755556 0.051562 0.100000
0 0.593750 0.945833 0.021875 0.047222
0 0.392188 0.788889 0.028125 0.033333
0 0.418750 0.666667 0.015625 0.027778
0 0.380469 0.676389 0.014063 0.030556
0 0.328125 0.976389 0.043750 0.041667
0 0.492188 0.654167 0.009375 0.013889
0 0.571094 0.941667 0.010937 0.022222
0 0.606250 0.844444 0.012500 0.033333
