0 0.160938 0.765278 0.050000 0.097222
0 0.385937 0.566667 0.046875 0.111111
0 0.639844 0.577778 0.060937 0.122222
0 0.624219 0.708333 0.051562 0.122222
0 0.767188 0.798611 0.071875 0.125000
0 0.971875 0.768056 0.053125 0.069444
0 0.549219 0.833333 0.035937 0.083333
0 0.612500 0.956944 0.021875 0.047222
0 0.702344 0.152778 0.017188 0.044444
0 0.439063 0.673611 0.015625 0.025000
0 0.512500 0.661111 0.012500 0.022222
0 0.401562 0.681944 0.015625 0.030556
0 0.412500 0.800000 0.028125 0.033333
0 0.353906 0.980556 0.039062 0.033333
0 0.591406 0.951389 0.010937 0.025000
0 0.704688 0.975000 0.028125 0.044444
0 0.905469 0.975000 0.048438 0.044444
0 0.622656 0.847222 0.023438 0.055556
