0 0.668750 0.586111 0.050000 0.116667
0 0.413281 0.569444 0.048438 0.105556
0 0.796094 0.805556 0.073438 0.127778
0 0.653125 0.716667 0.050000 0.127778
0 0.573438 0.837500 0.034375 0.080556
0 0.189062 0.765278 0.050000 0.086111
0 0.636719 0.962500 0.020313 0.041667
0 0.438281 0.804167 0.029687 0.030556
0 0.461719 0.681944 0.020313 0.030556
0 0.424219 0.686111 0.014063 0.022222
0 0.049219 0.797222 0.054688 0.077778
0 0.533594 0.668056 0.010937 0.019444
0 0.648438 0.851389 0.025000 0.052778
0 0.733594 0.977778 0.035937 0.038889
0 0.988281 0.769444 0.020313 0.055556
0 0.935156 0.981944 0.045312 0.030556
0 0.613281 0.954167 0.010937 0.019444
