0 0.439844 0.570833 0.045312 0.102778
0 0.699219 0.591667 0.051562 0.127778
0 0.682813 0.720833 0.053125 0.125000
0 0.832031 0.809722 0.076563 0.130556
0 0.601562 0.843056 0.034375 0.086111
0 0.219531 0.762500 0.048438 0.086111
0 0.662500 0.968056 0.021875 0.041667
0 0.488281 0.681944 0.017188 0.030556
0 0.464062 0.804167 0.025000 0.030556
0 0.084375 0.806944 0.053125 0.097222
0 0.449219 0.684722 0.014063 0.025000
0 0.759375 0.979167 0.028125 0.036111
0 0.639844 0.962500 0.014063 0.030556
0 0.675000 0.856944 0.021875 0.047222
