0 0.469531 0.569444 0.045312 0.094444
0 0.250000 0.766667 0.046875 0.094444
0 0.629687 0.843056 0.037500 0.086111
0 0.713281 0.719444 0.054688 0.127778
0 0.729688 0.583333 0.050000 0.111111
0 0.867969 0.809722 0.076563 0.130556
0 0.689844 0.968056 0.023438 0.041667
0 0.118750 0.804167 0.053125 0.102778
0 0.037500 0.647222 0.056250 0.105556
0 0.491406 0.808333 0.032813 0.033333
0 0.514844 0.680556 0.014063 0.027778
0 0.475000 0.688889 0.015625 0.027778
0 0.667188 0.962500 0.015625 0.030556
0 0.702344 0.856944 0.023438 0.052778
0 0.790625 0.980556 0.031250 0.033333
