0 0.498437 0.563889 0.046875 0.094444
0 0.760156 0.581944 0.051562 0.113889
0 0.746875 0.716667 0.053125 0.127778
0 0.903125 0.809722 0.081250 0.141667
0 0.657031 0.843056 0.035937 0.086111
0 0.279687 0.756944 0.046875 0.080556
0 0.716406 0.968056 0.020313 0.041667
0 0.460156 0.662500 0.014063 0.025000
0 0.542188 0.679167 0.012500 0.019444
0 0.501563 0.681944 0.015625 0.025000
0 0.468750 0.980556 0.034375 0.033333
0 0.517969 0.801389 0.026562 0.030556
0 0.150000 0.802778 0.050000 0.100000
0 0.075781 0.641667 0.054688 0.100000
0 0.821875 0.983333 0.031250 0.027778
0 0.693750 0.965278 0.015625 0.030556
