0 0.308594 0.755556 0.045312 0.083333
0 0.524219 0.563889 0.042188 0.100000
0 0.789844 0.572222 0.051562 0.111111
0 0.776563 0.711111 0.053125 0.127778
0 0.939844 0.809722 0.079687 0.141667
0 0.682031 0.840278 0.039062 0.086111
0 0.743750 0.965278 0.021875 0.041667
0 0.179688 0.797222 0.050000 0.100000
0 0.543750 0.802778 0.028125 0.033333
0 0.496875 0.980556 0.040625 0.033333
0 0.107813 0.638889 0.056250 0.105556
0 0.021094 0.461111 0.035937 0.083333
0 0.566406 0.681944 0.014063 0.025000
0 0.525781 0.683333 0.017188 0.027778
0 0.720313 0.962500 0.012500 0.030556
0 0.850781 0.981944 0.029687 0.030556
0 0.757812 0.854167 0.021875 0.047222
