0 0.275000 0.561111 0.084375 0.166667
0 0.491406 0.751389 0.057813 0.119444
0 0.683594 0.658333 0.079687 0.155556
0 0.709375 0.404167 0.084375 0.158333
0 0.402344 0.204167 0.060937 0.152778
0 0.724219 0.759722 0.048438 0.108333
0 0.868750 0.863889 0.031250 0.055556
0 0.550000 0.050000 0.050000 0.083333
0 0.340625 0.958333 0.078125 0.077778
0 0.944531 0.983333 0.026562 0.027778
0 0.811719 0.947222 0.035937 0.094444
0 0.886719 0.162500 0.051562 0.097222
0 0.981250 0.129167 0.034375 0.102778
0 0.253125 0.447222 0.075000 0.111111
