0 0.689844 0.369444 0.082812 0.144444
0 0.662500 0.631944 0.075000 0.163889
0 0.471875 0.725000 0.059375 0.122222
0 0.316406 0.937500 0.082812 0.119444
0 0.848437 0.844444 0.034375 0.072222
0 0.253125 0.513889 0.087500 0.155556
0 0.369531 0.166667 0.085938 0.150000
0 0.701562 0.720833 0.050000 0.086111
0 0.928906 0.973611 0.039062 0.047222
0 0.225000 0.405556 0.087500 0.105556
0 0.457031 0.127778 0.020313 0.033333
0 0.858594 0.134722 0.067187 0.097222
0 0.971094 0.100000 0.054688 0.111111
0 0.789062 0.923611 0.040625 0.091667
