0 0.227344 0.480556 0.095312 0.161111
0 0.667188 0.347222 0.084375 0.155556
0 0.639844 0.597222 0.076563 0.150000
0 0.682813 0.708333 0.053125 0.100000
0 0.452344 0.701389 0.057813 0.113889
0 0.289844 0.919444 0.079687 0.155556
0 0.357812 0.126389 0.062500 0.136111
0 0.771094 0.909722 0.042188 0.097222
0 0.828906 0.837500 0.039062 0.075000
0 0.910937 0.966667 0.040625 0.055556
0 0.980469 0.936111 0.032813 0.055556
0 0.964063 0.084722 0.068750 0.119444
0 0.784375 0.575000 0.025000 0.050000
0 0.846094 0.115278 0.051562 0.091667
