0 0.201563 0.443056 0.093750 0.163889
0 0.257031 0.897222 0.082812 0.200000
0 0.431250 0.669444 0.059375 0.111111
0 0.624219 0.572222 0.073438 0.166667
0 0.650781 0.311111 0.079687 0.155556
0 0.664062 0.683333 0.053125 0.100000
0 0.814844 0.809722 0.035937 0.075000
0 0.326562 0.091667 0.084375 0.150000
0 0.951562 0.055556 0.075000 0.105556
0 0.751563 0.887500 0.037500 0.091667
0 0.894531 0.947222 0.035937 0.055556
0 0.823438 0.087500 0.062500 0.097222
0 0.963281 0.912500 0.023438 0.041667
0 0.767188 0.554167 0.037500 0.058333
