0 0.180469 0.398611 0.095312 0.163889
0 0.231250 0.869444 0.084375 0.233333
0 0.415625 0.637500 0.059375 0.113889
0 0.602344 0.540278 0.076563 0.169444
0 0.648438 0.647222 0.050000 0.100000
0 0.632812 0.275000 0.084375 0.155556
0 0.800000 0.784722 0.037500 0.069444
0 0.737500 0.859722 0.043750 0.097222
0 0.878125 0.925000 0.037500 0.055556
0 0.306250 0.059722 0.087500 0.119444
0 0.752344 0.530556 0.026562 0.050000
0 0.933594 0.051389 0.082812 0.097222
0 0.809375 0.051389 0.065625 0.097222
0 0.946094 0.887500 0.014063 0.030556
