0 0.616406 0.233333 0.085938 0.155556
0 0.587500 0.502778 0.075000 0.161111
0 0.634375 0.618056 0.050000 0.097222
0 0.401562 0.605556 0.059375 0.116667
0 0.157031 0.347222 0.098437 0.172222
0 0.206250 0.829167 0.084375 0.236111
0 0.785156 0.762500 0.039062 0.075000
0 0.725000 0.834722 0.043750 0.097222
0 0.865625 0.902778 0.037500 0.055556
0 0.291406 0.038889 0.079687 0.072222
0 0.425781 0.270833 0.048438 0.108333
0 0.931250 0.863889 0.015625 0.022222
0 0.271094 0.856944 0.029687 0.063889
0 0.756250 0.970833 0.034375 0.052778
0 0.818750 0.980556 0.021875 0.033333
0 0.738281 0.508333 0.032813 0.061111
