0 0.139844 0.300000 0.095312 0.161111
0 0.605469 0.194444 0.085938 0.166667
0 0.574219 0.463889 0.079687 0.172222
0 0.624219 0.591667 0.051562 0.105556
0 0.387500 0.572222 0.059375 0.111111
0 0.179688 0.780556 0.103125 0.238889
0 0.774219 0.740278 0.039062 0.069444
0 0.852344 0.884722 0.039062 0.058333
0 0.417187 0.240278 0.050000 0.113889
0 0.713281 0.812500 0.042188 0.097222
0 0.742969 0.951389 0.032813 0.058333
0 0.809375 0.970833 0.021875 0.036111
0 0.732812 0.484722 0.028125 0.058333
0 0.256250 0.826389 0.034375 0.047222
