0 0.109375 0.229167 0.106250 0.180556
0 0.161719 0.711111 0.082812 0.250000
0 0.369531 0.530556 0.060937 0.111111
0 0.557031 0.402778 0.076563 0.155556
0 0.586719 0.136111 0.085938 0.161111
0 0.605469 0.543056 0.051562 0.102778
0 0.756250 0.711111 0.037500 0.072222
0 0.832812 0.855556 0.034375 0.061111
0 0.396094 0.191667 0.045312 0.116667
0 0.695312 0.775000 0.043750 0.100000
0 0.979688 0.165278 0.034375 0.108333
0 0.727344 0.916667 0.029687 0.055556
0 0.787500 0.937500 0.018750 0.030556
0 0.781250 0.984722 0.015625 0.025000
