0 0.551562 0.559722 0.043750 0.102778
0 0.819531 0.569444 0.048438 0.116667
0 0.807031 0.708333 0.054688 0.127778
0 0.710156 0.834722 0.039062 0.086111
0 0.966406 0.802778 0.064062 0.133333
0 0.335938 0.747222 0.046875 0.077778
0 0.770312 0.965278 0.021875 0.041667
0 0.207031 0.793056 0.048438 0.102778
0 0.571094 0.795833 0.026562 0.036111
0 0.592969 0.676389 0.010937 0.019444
0 0.549219 0.679167 0.014063 0.025000
0 0.525781 0.979167 0.035937 0.030556
0 0.746875 0.959722 0.012500 0.030556
0 0.777344 0.895833 0.020313 0.036111
0 0.857812 0.894444 0.018750 0.033333
0 0.885156 0.981944 0.032813 0.030556
0 0.137500 0.633333 0.056250 0.100000
0 0.061719 0.440278 0.029687 0.052778
