0 0.359375 0.506944 0.059375 0.113889
0 0.143750 0.683333 0.090625 0.250000
0 0.097656 0.200000 0.104688 0.177778
0 0.575000 0.115278 0.087500 0.175000
0 0.542969 0.391667 0.079687 0.177778
0 0.597656 0.526389 0.051562 0.102778
0 0.750781 0.697222 0.039062 0.072222
0 0.828906 0.843056 0.035937 0.063889
0 0.388281 0.172222 0.051562 0.122222
0 0.688281 0.762500 0.045312 0.102778
0 0.718750 0.898611 0.025000 0.052778
0 0.456250 0.972222 0.037500 0.050000
0 0.775000 0.980556 0.018750 0.033333
0 0.781250 0.926389 0.025000 0.041667
0 0.705469 0.429167 0.029687 0.041667
0 0.977344 0.150000 0.042188 0.127778
