0 0.568750 0.093056 0.090625 0.169444
0 0.535937 0.365278 0.081250 0.158333
0 0.590625 0.509722 0.053125 0.108333
0 0.354687 0.495833 0.059375 0.113889
0 0.127344 0.659722 0.095312 0.252778
0 0.085938 0.173611 0.103125 0.169444
0 0.748437 0.680556 0.034375 0.061111
0 0.821875 0.833333 0.034375 0.066667
0 0.973437 0.961111 0.050000 0.066667
0 0.381250 0.155556 0.050000 0.116667
0 0.700781 0.426389 0.039062 0.063889
0 0.977344 0.133333 0.045312 0.133333
0 0.683594 0.747222 0.042188 0.094444
0 0.453125 0.965278 0.040625 0.063889
0 0.769531 0.970833 0.023438 0.047222
0 0.715625 0.890278 0.025000 0.058333
0 0.779687 0.915278 0.021875 0.036111
