0 0.533594 0.351389 0.076563 0.175000
0 0.565625 0.079167 0.087500 0.152778
0 0.970313 0.111111 0.056250 0.122222
0 0.585938 0.493056 0.053125 0.102778
0 0.741406 0.665278 0.035937 0.063889
0 0.819531 0.816667 0.035937 0.055556
0 0.969531 0.956944 0.048438 0.080556
0 0.349219 0.477778 0.060937 0.111111
0 0.118750 0.627778 0.093750 0.238889
0 0.077344 0.154167 0.104688 0.186111
0 0.449219 0.955556 0.039062 0.083333
0 0.377344 0.140278 0.051562 0.119444
0 0.679688 0.731944 0.043750 0.091667
0 0.767188 0.963889 0.021875 0.055556
0 0.710938 0.870833 0.021875 0.052778
0 0.772656 0.901389 0.026562 0.047222
0 0.271875 0.976389 0.059375 0.041667
0 0.696875 0.411111 0.037500 0.066667
