0 0.735156 0.655556 0.039062 0.061111
0 0.532031 0.327778 0.082812 0.166667
0 0.580469 0.476389 0.054688 0.102778
0 0.560937 0.073611 0.087500 0.147222
0 0.970313 0.091667 0.056250 0.122222
0 0.343750 0.456944 0.059375 0.108333
0 0.112500 0.601389 0.100000 0.236111
0 0.070312 0.134722 0.106250 0.197222
0 0.814844 0.809722 0.035937 0.058333
0 0.965625 0.947222 0.053125 0.088889
0 0.763281 0.948611 0.023438 0.052778
0 0.370312 0.122222 0.046875 0.116667
0 0.445312 0.944444 0.040625 0.083333
0 0.675781 0.719444 0.045312 0.088889
0 0.265625 0.968056 0.065625 0.058333
0 0.708594 0.856944 0.026562 0.052778
0 0.771875 0.894444 0.025000 0.044444
0 0.690625 0.404167 0.040625 0.063889
0 0.870313 0.538889 0.025000 0.050000
