0 0.060937 0.098611 0.106250 0.175000
0 0.521875 0.308333 0.081250 0.172222
0 0.575000 0.465278 0.053125 0.108333
0 0.337500 0.445833 0.059375 0.119444
0 0.100781 0.573611 0.107813 0.236111
0 0.261719 0.963889 0.067187 0.072222
0 0.733594 0.644444 0.035937 0.072222
0 0.811719 0.794444 0.032813 0.055556
0 0.957812 0.930556 0.056250 0.094444
0 0.550000 0.055556 0.084375 0.111111
0 0.966406 0.072222 0.064062 0.127778
0 0.364063 0.104167 0.050000 0.119444
0 0.440625 0.927778 0.040625 0.083333
0 0.670312 0.701389 0.040625 0.086111
0 0.867188 0.526389 0.025000 0.063889
0 0.761719 0.938889 0.023438 0.055556
0 0.689063 0.377778 0.031250 0.050000
0 0.702344 0.844444 0.029687 0.061111
0 0.768750 0.881944 0.025000 0.041667
