0 0.082031 0.534722 0.101562 0.236111
0 0.332031 0.429167 0.060937 0.119444
0 0.510938 0.283333 0.081250 0.172222
0 0.571094 0.444444 0.054688 0.105556
0 0.731250 0.627778 0.034375 0.061111
0 0.439063 0.912500 0.046875 0.091667
0 0.257031 0.950000 0.070312 0.094444
0 0.955469 0.918056 0.051562 0.097222
0 0.808594 0.777778 0.032813 0.055556
0 0.050781 0.083333 0.101562 0.161111
0 0.546094 0.050000 0.085938 0.100000
0 0.359375 0.087500 0.053125 0.125000
0 0.963281 0.059722 0.070312 0.119444
0 0.667188 0.693056 0.043750 0.091667
0 0.864844 0.513889 0.023438 0.061111
0 0.758594 0.929167 0.020313 0.052778
0 0.700000 0.827778 0.025000 0.055556
0 0.766406 0.868056 0.020313 0.030556
0 0.679688 0.987500 0.012500 0.019444
0 0.685937 0.370833 0.034375 0.063889
0 0.180469 0.981944 0.039062 0.030556
