0 0.327344 0.408333 0.057813 0.116667
0 0.505469 0.256944 0.082812 0.163889
0 0.567187 0.429167 0.053125 0.097222
0 0.062500 0.506944 0.106250 0.241667
0 0.729688 0.620833 0.037500 0.075000
0 0.253125 0.943056 0.068750 0.108333
0 0.951562 0.902778 0.050000 0.094444
0 0.664844 0.673611 0.045312 0.086111
0 0.805469 0.770833 0.032813 0.058333
0 0.043750 0.066667 0.084375 0.127778
0 0.433594 0.901389 0.042188 0.080556
0 0.754687 0.913889 0.021875 0.050000
0 0.863281 0.500000 0.023438 0.061111
0 0.176563 0.975000 0.040625 0.044444
0 0.694531 0.813889 0.026562 0.055556
0 0.678125 0.980556 0.012500 0.022222
0 0.764062 0.863889 0.021875 0.044444
0 0.960938 0.045833 0.071875 0.091667
0 0.539844 0.040278 0.082812 0.080556
0 0.354687 0.070833 0.050000 0.125000
0 0.685156 0.354167 0.035937 0.063889
