0 0.324219 0.391667 0.064062 0.116667
0 0.507031 0.233333 0.082812 0.161111
0 0.563281 0.408333 0.051562 0.105556
0 0.727344 0.602778 0.039062 0.072222
0 0.663281 0.656944 0.045312 0.080556
0 0.053125 0.494444 0.103125 0.261111
0 0.248438 0.934722 0.068750 0.125000
0 0.807031 0.756944 0.035937 0.058333
0 0.432812 0.886111 0.043750 0.088889
0 0.952344 0.887500 0.054688 0.097222
0 0.862500 0.486111 0.028125 0.066667
0 0.755469 0.901389 0.023438 0.052778
0 0.682813 0.340278 0.037500 0.058333
0 0.694531 0.797222 0.026562 0.055556
0 0.677344 0.963889 0.014063 0.022222
0 0.764062 0.840278 0.021875 0.041667
0 0.918750 0.652778 0.028125 0.044444
0 0.964063 0.037500 0.068750 0.075000
0 0.041406 0.056944 0.073438 0.102778
0 0.350781 0.059722 0.051562 0.102778
0 0.174219 0.963889 0.039062 0.061111
