0 0.507812 0.211111 0.084375 0.161111
0 0.563281 0.387500 0.054688 0.108333
0 0.321875 0.368056 0.062500 0.113889
0 0.057031 0.456944 0.110937 0.247222
0 0.243750 0.923611 0.071875 0.147222
0 0.432031 0.865278 0.045312 0.086111
0 0.729688 0.586111 0.037500 0.072222
0 0.952344 0.863889 0.051562 0.088889
0 0.805469 0.738889 0.032813 0.055556
0 0.663281 0.640278 0.042188 0.091667
0 0.754687 0.880556 0.021875 0.055556
0 0.861719 0.469444 0.020313 0.061111
0 0.174219 0.945833 0.042188 0.058333
0 0.676562 0.951389 0.012500 0.019444
0 0.696875 0.777778 0.025000 0.055556
0 0.763281 0.823611 0.023438 0.036111
0 0.919531 0.626389 0.029687 0.058333
0 0.682813 0.315278 0.040625 0.052778
