0 0.320312 0.336111 0.065625 0.116667
0 0.502344 0.177778 0.082812 0.177778
0 0.564063 0.356944 0.053125 0.113889
0 0.060937 0.404167 0.112500 0.252778
0 0.242969 0.890278 0.070312 0.147222
0 0.430469 0.838889 0.042188 0.088889
0 0.727344 0.561111 0.042188 0.072222
0 0.805469 0.719444 0.035937 0.055556
0 0.952344 0.837500 0.051562 0.091667
0 0.753906 0.859722 0.026562 0.052778
0 0.664844 0.608333 0.045312 0.083333
0 0.864062 0.447222 0.021875 0.061111
0 0.172656 0.922222 0.042188 0.066667
0 0.698438 0.752778 0.025000 0.055556
0 0.920312 0.606944 0.031250 0.047222
0 0.763281 0.806944 0.023438 0.041667
