0 0.364063 0.745833 0.046875 0.080556
0 0.578906 0.555556 0.045312 0.100000
0 0.850781 0.556944 0.054688 0.097222
0 0.839063 0.704167 0.056250 0.130556
0 0.739062 0.834722 0.037500 0.086111
0 0.798438 0.963889 0.021875 0.044444
0 0.239844 0.791667 0.048438 0.100000
0 0.090625 0.440278 0.028125 0.047222
0 0.170313 0.634722 0.053125 0.108333
0 0.552344 0.980556 0.039062 0.033333
0 0.596094 0.793056 0.026562 0.030556
0 0.576562 0.672222 0.015625 0.033333
0 0.617188 0.675000 0.012500 0.027778
0 0.773438 0.959722 0.012500 0.019444
0 0.887500 0.893056 0.012500 0.025000
0 0.917188 0.980556 0.034375 0.033333
0 0.907031 0.123611 0.029687 0.058333
