0 0.319531 0.300000 0.064062 0.111111
0 0.055469 0.344444 0.107813 0.250000
0 0.242188 0.856944 0.068750 0.141667
0 0.431250 0.811111 0.043750 0.088889
0 0.664844 0.584722 0.045312 0.086111
0 0.728906 0.531944 0.039062 0.069444
0 0.497656 0.126389 0.089063 0.169444
0 0.564844 0.318056 0.054688 0.108333
0 0.953906 0.806944 0.051562 0.097222
0 0.806250 0.693056 0.031250 0.052778
0 0.754687 0.836111 0.025000 0.050000
0 0.861719 0.423611 0.026562 0.063889
0 0.170313 0.890278 0.037500 0.058333
0 0.698438 0.725000 0.025000 0.055556
0 0.762500 0.781944 0.028125 0.047222
0 0.920312 0.584722 0.028125 0.052778
