0 0.046875 0.304167 0.093750 0.247222
0 0.315625 0.266667 0.062500 0.111111
0 0.501563 0.088889 0.084375 0.172222
0 0.562500 0.287500 0.053125 0.108333
0 0.664844 0.561111 0.045312 0.088889
0 0.728906 0.509722 0.035937 0.075000
0 0.242188 0.822222 0.068750 0.138889
0 0.428125 0.786111 0.046875 0.088889
0 0.804688 0.672222 0.031250 0.061111
0 0.955469 0.784722 0.048438 0.091667
0 0.167187 0.866667 0.043750 0.061111
0 0.754687 0.815278 0.021875 0.047222
0 0.864062 0.401389 0.025000 0.069444
0 0.920312 0.559722 0.031250 0.047222
0 0.760938 0.763889 0.025000 0.038889
0 0.694531 0.702778 0.026562 0.055556
0 0.190625 0.568056 0.040625 0.047222
