0 0.314063 0.240278 0.068750 0.119444
0 0.505469 0.077778 0.089063 0.155556
0 0.561719 0.258333 0.057813 0.105556
0 0.729688 0.487500 0.037500 0.080556
0 0.804688 0.652778 0.034375 0.055556
0 0.950781 0.763889 0.054688 0.094444
0 0.753125 0.794444 0.025000 0.050000
0 0.427344 0.763889 0.042188 0.088889
0 0.241406 0.798611 0.070312 0.136111
0 0.042188 0.276389 0.084375 0.275000
0 0.662500 0.538889 0.043750 0.094444
0 0.864844 0.379167 0.020313 0.063889
0 0.921875 0.536111 0.031250 0.055556
0 0.166406 0.845833 0.042188 0.069444
0 0.185156 0.540278 0.035937 0.041667
0 0.760156 0.743056 0.023438 0.036111
0 0.692187 0.677778 0.025000 0.055556
