0 0.040625 0.229167 0.081250 0.263889
0 0.311719 0.215278 0.064062 0.125000
0 0.502344 0.055556 0.085938 0.111111
0 0.560937 0.240278 0.056250 0.113889
0 0.664062 0.519444 0.043750 0.100000
0 0.726562 0.470833 0.037500 0.075000
0 0.952344 0.738889 0.048438 0.094444
0 0.238281 0.772222 0.070312 0.138889
0 0.804688 0.633333 0.034375 0.061111
0 0.750781 0.777778 0.026562 0.055556
0 0.425000 0.741667 0.043750 0.094444
0 0.864062 0.359722 0.021875 0.063889
0 0.920312 0.520833 0.031250 0.058333
0 0.184375 0.541667 0.040625 0.094444
0 0.165625 0.822222 0.043750 0.061111
0 0.691406 0.655556 0.026562 0.061111
0 0.760156 0.722222 0.023438 0.038889
