0 0.309375 0.188889 0.065625 0.116667
0 0.041406 0.186111 0.082812 0.277778
0 0.232813 0.745833 0.071875 0.136111
0 0.422656 0.720833 0.045312 0.091667
0 0.726562 0.447222 0.037500 0.072222
0 0.560156 0.206944 0.057813 0.102778
0 0.803906 0.615278 0.035937 0.058333
0 0.951562 0.712500 0.056250 0.086111
0 0.749219 0.754167 0.023438 0.052778
0 0.864062 0.340278 0.028125 0.063889
0 0.919531 0.500000 0.035937 0.061111
0 0.661719 0.497222 0.042188 0.088889
0 0.493750 0.045833 0.081250 0.086111
0 0.162500 0.797222 0.040625 0.055556
0 0.300781 0.980556 0.029687 0.033333
0 0.693750 0.634722 0.021875 0.047222
0 0.778906 0.984722 0.026562 0.025000
