0 0.559375 0.183333 0.059375 0.111111
0 0.304688 0.162500 0.065625 0.119444
0 0.037500 0.150000 0.075000 0.283333
0 0.226562 0.723611 0.071875 0.141667
0 0.424219 0.697222 0.045312 0.100000
0 0.727344 0.426389 0.039062 0.075000
0 0.863281 0.322222 0.029687 0.066667
0 0.800781 0.595833 0.032813 0.058333
0 0.921094 0.477778 0.032813 0.066667
0 0.950000 0.694444 0.053125 0.083333
0 0.749219 0.736111 0.023438 0.050000
0 0.778125 0.973611 0.028125 0.047222
0 0.299219 0.969444 0.032813 0.055556
0 0.160938 0.779167 0.043750 0.063889
0 0.660156 0.476389 0.042188 0.091667
0 0.757812 0.684722 0.025000 0.047222
0 0.520312 0.987500 0.015625 0.019444
