0 0.303125 0.140278 0.065625 0.125000
0 0.225000 0.698611 0.071875 0.136111
0 0.421875 0.676389 0.046875 0.091667
0 0.558594 0.163889 0.054688 0.122222
0 0.660937 0.452778 0.046875 0.088889
0 0.728906 0.409722 0.035937 0.075000
0 0.922656 0.461111 0.035937 0.066667
0 0.803125 0.579167 0.034375 0.058333
0 0.952344 0.675000 0.051562 0.094444
0 0.750781 0.718056 0.023438 0.047222
0 0.780469 0.958333 0.023438 0.044444
0 0.521094 0.979167 0.023438 0.036111
0 0.029687 0.137500 0.059375 0.269444
0 0.860938 0.300000 0.028125 0.055556
0 0.300000 0.951389 0.031250 0.052778
0 0.160156 0.754167 0.042188 0.058333
0 0.632812 0.595833 0.015625 0.030556
0 0.671875 0.802778 0.012500 0.016667
0 0.760156 0.669444 0.020313 0.038889
