0 0.303125 0.115278 0.065625 0.119444
0 0.559375 0.140278 0.056250 0.119444
0 0.421875 0.659722 0.043750 0.086111
0 0.227344 0.672222 0.070312 0.133333
0 0.728906 0.390278 0.039062 0.075000
0 0.953906 0.651389 0.051562 0.080556
0 0.805469 0.556944 0.032813 0.058333
0 0.752344 0.702778 0.026562 0.055556
0 0.782031 0.940278 0.026562 0.047222
0 0.524219 0.966667 0.023438 0.050000
0 0.300781 0.940278 0.039062 0.069444
0 0.925781 0.438889 0.035937 0.061111
0 0.022656 0.122222 0.045312 0.244444
0 0.161719 0.733333 0.045312 0.061111
0 0.661719 0.434722 0.042188 0.091667
0 0.869531 0.280556 0.023438 0.061111
0 0.771094 0.986111 0.023438 0.022222
0 0.675000 0.787500 0.012500 0.025000
0 0.761719 0.650000 0.023438 0.038889
