0 0.304688 0.090278 0.065625 0.125000
0 0.229687 0.654167 0.071875 0.141667
0 0.424219 0.638889 0.042188 0.094444
0 0.560937 0.109722 0.059375 0.108333
0 0.732031 0.368056 0.039062 0.069444
0 0.809375 0.541667 0.031250 0.055556
0 0.755469 0.683333 0.023438 0.055556
0 0.527344 0.947222 0.023438 0.050000
0 0.783594 0.922222 0.029687 0.044444
0 0.775000 0.973611 0.025000 0.041667
0 0.957031 0.631944 0.054688 0.086111
0 0.928906 0.422222 0.035937 0.066667
0 0.162500 0.713889 0.043750 0.061111
0 0.305469 0.922222 0.032813 0.072222
0 0.385937 0.979167 0.018750 0.036111
0 0.665625 0.416667 0.043750 0.094444
0 0.636719 0.559722 0.017188 0.036111
0 0.872656 0.262500 0.020313 0.058333
0 0.677344 0.769444 0.014063 0.022222
0 0.696094 0.552778 0.023438 0.055556
