0 0.306250 0.066667 0.068750 0.127778
0 0.563281 0.088889 0.054688 0.122222
0 0.233594 0.633333 0.073438 0.144444
0 0.428906 0.618056 0.045312 0.097222
0 0.665625 0.393056 0.046875 0.086111
0 0.736719 0.347222 0.035937 0.077778
0 0.876563 0.238889 0.028125 0.066667
0 0.933594 0.400000 0.035937 0.061111
0 0.961719 0.606944 0.054688 0.091667
0 0.810156 0.519444 0.032813 0.061111
0 0.759375 0.663889 0.025000 0.055556
0 0.530469 0.925000 0.026562 0.044444
0 0.784375 0.905556 0.031250 0.044444
0 0.778906 0.956944 0.023438 0.041667
0 0.309375 0.901389 0.031250 0.069444
0 0.390625 0.961111 0.021875 0.038889
0 0.166406 0.691667 0.045312 0.061111
0 0.679688 0.751389 0.012500 0.025000
0 0.692969 0.529167 0.035937 0.058333
