0 0.608594 0.552778 0.045312 0.100000
0 0.878125 0.558333 0.059375 0.105556
0 0.874219 0.702778 0.057813 0.138889
0 0.765625 0.833333 0.037500 0.094444
0 0.391406 0.744444 0.048438 0.083333
0 0.827344 0.965278 0.023438 0.047222
0 0.200781 0.637500 0.051562 0.113889
0 0.270313 0.786111 0.043750 0.094444
0 0.933594 0.119444 0.026562 0.044444
0 0.917969 0.894444 0.020313 0.027778
0 0.950000 0.981944 0.031250 0.030556
0 0.801562 0.961111 0.015625 0.027778
0 0.581250 0.977778 0.037500 0.038889
0 0.625000 0.793056 0.028125 0.036111
0 0.835156 0.888889 0.017188 0.027778
0 0.085156 0.681944 0.051562 0.075000
