0 0.305469 0.052778 0.067187 0.105556
0 0.564063 0.062500 0.056250 0.113889
0 0.233594 0.605556 0.070312 0.133333
0 0.428125 0.600000 0.043750 0.088889
0 0.534375 0.909722 0.025000 0.052778
0 0.395313 0.943056 0.021875 0.047222
0 0.789844 0.887500 0.029687 0.041667
0 0.782813 0.934722 0.021875 0.041667
0 0.738281 0.323611 0.039062 0.075000
0 0.938281 0.377778 0.035937 0.055556
0 0.880469 0.216667 0.026562 0.061111
0 0.814844 0.501389 0.026562 0.058333
0 0.762500 0.643056 0.025000 0.047222
0 0.168750 0.669444 0.046875 0.055556
0 0.311719 0.881944 0.032813 0.069444
0 0.669531 0.370833 0.045312 0.091667
0 0.963281 0.591667 0.054688 0.088889
0 0.695312 0.512500 0.034375 0.058333
0 0.683594 0.731944 0.010937 0.019444
0 0.771875 0.593056 0.021875 0.036111
