0 0.660937 0.302778 0.053125 0.105556
0 0.726562 0.415278 0.050000 0.097222
0 0.889844 0.137500 0.042188 0.080556
0 0.968750 0.308333 0.059375 0.127778
0 0.260937 0.344444 0.034375 0.061111
0 0.345313 0.469444 0.028125 0.055556
0 0.422656 0.681944 0.042188 0.086111
0 0.329688 0.770833 0.021875 0.041667
0 0.318750 0.816667 0.021875 0.033333
0 0.025781 0.223611 0.048438 0.113889
0 0.181250 0.425000 0.034375 0.094444
0 0.290625 0.600000 0.021875 0.050000
0 0.428125 0.038889 0.078125 0.077778
0 0.623437 0.056944 0.068750 0.113889
0 0.726562 0.094444 0.037500 0.072222
0 0.888281 0.261111 0.032813 0.066667
0 0.194531 0.561111 0.035937 0.055556
0 0.070312 0.787500 0.021875 0.030556
0 0.215625 0.083333 0.034375 0.066667
0 0.185938 0.084722 0.025000 0.052778
0 0.236719 0.612500 0.014063 0.025000
0 0.485156 0.645833 0.035937 0.080556
0 0.454688 0.375000 0.025000 0.044444
0 0.835938 0.297222 0.028125 0.044444
0 0.698438 0.261111 0.028125 0.044444
0 0.981250 0.412500 0.018750 0.036111
0 0.801562 0.084722 0.025000 0.041667
0 0.793750 0.126389 0.015625 0.030556
0 0.308594 0.540278 0.020313 0.036111
