0 0.646875 0.334722 0.053125 0.102778
0 0.960938 0.359722 0.075000 0.147222
0 0.714063 0.447222 0.053125 0.100000
0 0.875000 0.159722 0.040625 0.080556
0 0.410156 0.711111 0.045312 0.083333
0 0.407031 0.056944 0.073438 0.113889
0 0.247656 0.375000 0.035937 0.066667
0 0.277344 0.625000 0.023438 0.050000
0 0.307812 0.840278 0.025000 0.041667
0 0.182031 0.595833 0.032813 0.063889
0 0.167969 0.456944 0.032813 0.097222
0 0.335938 0.491667 0.031250 0.050000
0 0.617188 0.088889 0.053125 0.105556
0 0.711719 0.120833 0.039062 0.075000
0 0.319531 0.797222 0.017188 0.033333
0 0.225000 0.630556 0.012500 0.022222
0 0.296875 0.568056 0.018750 0.041667
0 0.057031 0.811111 0.023438 0.027778
0 0.822656 0.313889 0.026562 0.038889
0 0.788281 0.108333 0.023438 0.044444
0 0.782813 0.144444 0.012500 0.022222
0 0.684375 0.287500 0.028125 0.047222
0 0.493750 0.370833 0.018750 0.030556
0 0.442969 0.400000 0.026562 0.033333
0 0.471875 0.673611 0.037500 0.075000
0 0.872656 0.290278 0.032813 0.052778
0 0.018750 0.248611 0.037500 0.102778
0 0.203906 0.113889 0.039062 0.066667
0 0.175781 0.118056 0.029687 0.058333
0 0.196875 0.415278 0.012500 0.019444
0 0.964844 0.440278 0.020313 0.030556
