0 0.236719 0.400000 0.035937 0.055556
0 0.392969 0.068056 0.073438 0.136111
0 0.628906 0.370833 0.051562 0.102778
0 0.703125 0.476389 0.050000 0.113889
0 0.860156 0.187500 0.035937 0.075000
0 0.955469 0.391667 0.076563 0.138889
0 0.398438 0.734722 0.043750 0.086111
0 0.810156 0.340278 0.029687 0.047222
0 0.010937 0.284722 0.021875 0.097222
0 0.157031 0.475000 0.029687 0.083333
0 0.269531 0.648611 0.020313 0.047222
0 0.296094 0.862500 0.020313 0.030556
0 0.308594 0.819444 0.017188 0.027778
0 0.598437 0.112500 0.065625 0.136111
0 0.701562 0.148611 0.034375 0.075000
0 0.777344 0.140278 0.023438 0.063889
0 0.322656 0.515278 0.026562 0.047222
0 0.432812 0.425000 0.025000 0.044444
0 0.482812 0.393056 0.015625 0.030556
0 0.166406 0.145833 0.023438 0.052778
0 0.189844 0.141667 0.035937 0.055556
0 0.169531 0.619444 0.032813 0.066667
0 0.043750 0.833333 0.025000 0.033333
0 0.214844 0.651389 0.014063 0.025000
0 0.668750 0.315278 0.031250 0.052778
0 0.332031 0.054167 0.039062 0.091667
