0 0.376563 0.093056 0.071875 0.141667
0 0.615625 0.393056 0.053125 0.091667
0 0.846094 0.211111 0.042188 0.072222
0 0.948438 0.422222 0.078125 0.133333
0 0.689063 0.495833 0.053125 0.102778
0 0.795312 0.362500 0.031250 0.047222
0 0.385156 0.756944 0.042188 0.091667
0 0.140625 0.502778 0.034375 0.094444
0 0.221875 0.422222 0.034375 0.050000
0 0.256250 0.666667 0.021875 0.050000
0 0.312500 0.536111 0.028125 0.050000
0 0.581250 0.148611 0.056250 0.113889
0 0.655469 0.341667 0.029687 0.055556
0 0.687500 0.168056 0.028125 0.069444
0 0.762500 0.151389 0.025000 0.041667
0 0.839844 0.323611 0.026562 0.047222
0 0.160156 0.645833 0.029687 0.058333
0 0.030469 0.858333 0.023438 0.033333
0 0.204687 0.669444 0.012500 0.022222
0 0.283594 0.883333 0.020313 0.033333
0 0.295312 0.838889 0.015625 0.027778
0 0.419531 0.444444 0.023438 0.038889
0 0.470313 0.412500 0.018750 0.030556
0 0.317969 0.086111 0.039062 0.094444
