0 0.360156 0.126389 0.073438 0.152778
0 0.598437 0.412500 0.050000 0.091667
0 0.675000 0.511111 0.050000 0.100000
0 0.828906 0.227778 0.042188 0.077778
0 0.932813 0.441667 0.078125 0.127778
0 0.371094 0.775000 0.045312 0.094444
0 0.015625 0.884722 0.025000 0.047222
0 0.243750 0.683333 0.025000 0.055556
0 0.782813 0.383333 0.031250 0.050000
0 0.120313 0.520833 0.046875 0.091667
0 0.208594 0.441667 0.032813 0.050000
0 0.146875 0.665278 0.028125 0.063889
0 0.273438 0.900000 0.015625 0.027778
0 0.677344 0.193056 0.026562 0.069444
0 0.565625 0.169444 0.056250 0.127778
0 0.190625 0.687500 0.012500 0.019444
0 0.298438 0.550000 0.025000 0.044444
0 0.261719 0.620833 0.023438 0.036111
0 0.550781 0.675000 0.014063 0.033333
0 0.580469 0.575000 0.014063 0.033333
0 0.642188 0.363889 0.031250 0.066667
0 0.746094 0.177778 0.023438 0.061111
0 0.829688 0.345833 0.037500 0.063889
0 0.409375 0.458333 0.025000 0.038889
0 0.457813 0.427778 0.012500 0.027778
0 0.301563 0.111111 0.037500 0.094444
