0 0.346094 0.140278 0.070312 0.147222
0 0.586719 0.423611 0.054688 0.091667
0 0.660937 0.526389 0.050000 0.108333
0 0.816406 0.240278 0.039062 0.075000
0 0.769531 0.394444 0.026562 0.050000
0 0.906250 0.455556 0.075000 0.133333
0 0.357812 0.791667 0.043750 0.083333
0 0.231250 0.700000 0.021875 0.050000
0 0.106250 0.531944 0.046875 0.080556
0 0.196094 0.455556 0.035937 0.050000
0 0.260937 0.915278 0.021875 0.036111
0 0.551562 0.186111 0.059375 0.122222
0 0.661719 0.209722 0.029687 0.075000
0 0.179688 0.702778 0.012500 0.022222
0 0.129688 0.680556 0.037500 0.061111
0 0.285938 0.566667 0.025000 0.050000
0 0.007812 0.901389 0.012500 0.047222
0 0.628906 0.373611 0.029687 0.058333
0 0.735156 0.183333 0.023438 0.038889
0 0.732031 0.218056 0.017188 0.025000
0 0.814063 0.350000 0.031250 0.055556
0 0.444531 0.441667 0.017188 0.033333
0 0.396875 0.473611 0.021875 0.041667
0 0.568750 0.591667 0.012500 0.033333
0 0.284375 0.129167 0.046875 0.102778
