0 0.328906 0.140278 0.073438 0.141667
0 0.218750 0.712500 0.021875 0.052778
0 0.343750 0.800000 0.040625 0.083333
0 0.572656 0.431944 0.051562 0.097222
0 0.646875 0.531944 0.050000 0.102778
0 0.800781 0.254167 0.042188 0.075000
0 0.755469 0.401389 0.032813 0.047222
0 0.876563 0.455556 0.071875 0.122222
0 0.098437 0.543056 0.037500 0.091667
0 0.539062 0.216667 0.050000 0.077778
0 0.643750 0.218056 0.040625 0.080556
0 0.614844 0.380556 0.029687 0.055556
0 0.721875 0.198611 0.018750 0.041667
0 0.721094 0.236111 0.014063 0.027778
0 0.798438 0.370833 0.034375 0.069444
0 0.271875 0.575000 0.021875 0.050000
0 0.182812 0.466667 0.034375 0.044444
0 0.135937 0.501389 0.015625 0.030556
0 0.114844 0.684722 0.029687 0.058333
0 0.167187 0.713889 0.012500 0.022222
0 0.250000 0.923611 0.015625 0.030556
0 0.235156 0.637500 0.023438 0.036111
0 0.434375 0.455556 0.018750 0.033333
0 0.382812 0.481944 0.025000 0.041667
0 0.899219 0.513889 0.014063 0.022222
0 0.271094 0.133333 0.042188 0.094444
0 0.107813 0.209722 0.037500 0.058333
