0 0.314063 0.148611 0.071875 0.152778
0 0.551562 0.440278 0.050000 0.097222
0 0.784375 0.261111 0.040625 0.077778
0 0.631250 0.538889 0.050000 0.100000
0 0.849219 0.461111 0.070312 0.133333
0 0.204687 0.719444 0.021875 0.050000
0 0.327344 0.808333 0.042188 0.077778
0 0.085938 0.552778 0.031250 0.094444
0 0.167969 0.475000 0.035937 0.055556
0 0.235937 0.936111 0.021875 0.033333
0 0.259375 0.583333 0.025000 0.050000
0 0.521094 0.223611 0.054688 0.080556
0 0.632031 0.223611 0.026562 0.063889
0 0.742188 0.409722 0.028125 0.047222
0 0.153906 0.722222 0.014063 0.027778
0 0.888281 0.520833 0.017188 0.030556
0 0.421094 0.461111 0.017188 0.033333
0 0.370312 0.488889 0.025000 0.038889
0 0.101562 0.691667 0.031250 0.061111
0 0.123438 0.505556 0.012500 0.027778
0 0.705469 0.245833 0.010937 0.025000
0 0.782031 0.370833 0.029687 0.058333
0 0.602344 0.388889 0.032813 0.055556
0 0.255469 0.140278 0.039062 0.097222
0 0.093750 0.215278 0.034375 0.058333
