0 0.298438 0.150000 0.068750 0.144444
0 0.537500 0.441667 0.053125 0.094444
0 0.615625 0.544444 0.050000 0.100000
0 0.728906 0.418056 0.029687 0.052778
0 0.767969 0.268056 0.039062 0.075000
0 0.833594 0.462500 0.073438 0.130556
0 0.221875 0.941667 0.021875 0.038889
0 0.312500 0.812500 0.046875 0.086111
0 0.152344 0.476389 0.035937 0.052778
0 0.068750 0.558333 0.031250 0.100000
0 0.081250 0.701389 0.037500 0.063889
0 0.139063 0.733333 0.012500 0.022222
0 0.189844 0.727778 0.020313 0.050000
0 0.245312 0.591667 0.025000 0.050000
0 0.107813 0.516667 0.015625 0.033333
0 0.505469 0.230556 0.051562 0.072222
0 0.615625 0.233333 0.031250 0.072222
0 0.691406 0.255556 0.017188 0.033333
0 0.873437 0.522222 0.018750 0.033333
0 0.359375 0.494444 0.025000 0.038889
0 0.407031 0.466667 0.017188 0.033333
0 0.766406 0.387500 0.029687 0.063889
0 0.586719 0.395833 0.032813 0.058333
0 0.234375 0.898611 0.015625 0.030556
0 0.237500 0.138889 0.043750 0.094444
0 0.084375 0.218056 0.037500 0.058333
