0 0.635938 0.551389 0.046875 0.097222
0 0.907031 0.552778 0.060937 0.111111
0 0.905469 0.701389 0.057813 0.141667
0 0.796094 0.830556 0.039062 0.088889
0 0.420312 0.737500 0.046875 0.080556
0 0.853125 0.963889 0.021875 0.044444
0 0.229687 0.629167 0.050000 0.102778
0 0.294531 0.787500 0.045312 0.097222
0 0.966406 0.104167 0.026562 0.063889
0 0.450000 0.986111 0.043750 0.022222
0 0.649219 0.790278 0.029687 0.036111
0 0.607812 0.977778 0.040625 0.038889
0 0.827344 0.958333 0.014063 0.027778
0 0.946875 0.894444 0.018750 0.033333
0 0.862500 0.887500 0.018750 0.030556
0 0.978906 0.981944 0.029687 0.030556
