0 0.280469 0.154167 0.073438 0.152778
0 0.751563 0.273611 0.037500 0.075000
0 0.522656 0.448611 0.051562 0.102778
0 0.601562 0.550000 0.046875 0.105556
0 0.711719 0.422222 0.032813 0.050000
0 0.817187 0.466667 0.068750 0.122222
0 0.300000 0.812500 0.043750 0.080556
0 0.175000 0.730556 0.021875 0.050000
0 0.138281 0.480556 0.035937 0.050000
0 0.053125 0.561111 0.034375 0.088889
0 0.069531 0.701389 0.029687 0.052778
0 0.124219 0.740278 0.017188 0.025000
0 0.095312 0.522222 0.015625 0.027778
0 0.231250 0.597222 0.025000 0.050000
0 0.206250 0.954167 0.021875 0.030556
0 0.215625 0.901389 0.018750 0.036111
0 0.487500 0.202778 0.059375 0.133333
0 0.598437 0.229167 0.034375 0.058333
0 0.678125 0.256944 0.012500 0.025000
0 0.569531 0.398611 0.035937 0.052778
0 0.750781 0.387500 0.029687 0.063889
0 0.221875 0.140278 0.043750 0.097222
0 0.067187 0.219444 0.031250 0.055556
0 0.371094 0.759722 0.039062 0.058333
