0 0.158594 0.737500 0.023438 0.052778
0 0.188281 0.962500 0.023438 0.036111
0 0.260937 0.158333 0.071875 0.144444
0 0.503125 0.448611 0.053125 0.097222
0 0.583594 0.550000 0.048438 0.094444
0 0.282031 0.818056 0.042188 0.075000
0 0.692969 0.433333 0.029687 0.050000
0 0.802344 0.473611 0.067187 0.119444
0 0.731250 0.283333 0.040625 0.077778
0 0.034375 0.566667 0.034375 0.094444
0 0.047656 0.709722 0.032813 0.063889
0 0.120313 0.486111 0.034375 0.055556
0 0.075781 0.531944 0.014063 0.036111
0 0.106250 0.750000 0.015625 0.022222
0 0.214844 0.604167 0.023438 0.047222
0 0.468750 0.216667 0.056250 0.122222
0 0.582812 0.241667 0.034375 0.061111
0 0.663281 0.265278 0.010937 0.025000
0 0.553125 0.411111 0.034375 0.061111
0 0.735938 0.401389 0.031250 0.063889
0 0.660937 0.230556 0.021875 0.038889
0 0.178125 0.672222 0.021875 0.033333
0 0.328125 0.508333 0.021875 0.033333
0 0.377344 0.481944 0.017188 0.036111
0 0.201563 0.150000 0.040625 0.094444
0 0.053906 0.225000 0.039062 0.055556
