0 0.246875 0.168056 0.071875 0.141667
0 0.144531 0.745833 0.020313 0.052778
0 0.485156 0.458333 0.048438 0.088889
0 0.568750 0.252778 0.031250 0.066667
0 0.717187 0.294444 0.037500 0.072222
0 0.784375 0.493056 0.065625 0.141667
0 0.679688 0.445833 0.028125 0.052778
0 0.567187 0.565278 0.046875 0.097222
0 0.265625 0.834722 0.040625 0.086111
0 0.107813 0.500000 0.034375 0.055556
0 0.019531 0.576389 0.032813 0.097222
0 0.061719 0.538889 0.017188 0.038889
0 0.032031 0.719444 0.032813 0.061111
0 0.090625 0.756944 0.015625 0.025000
0 0.201563 0.613889 0.025000 0.050000
0 0.175781 0.973611 0.017188 0.036111
0 0.535937 0.827778 0.021875 0.038889
0 0.450000 0.252778 0.053125 0.077778
0 0.539062 0.422222 0.031250 0.066667
0 0.717187 0.409722 0.028125 0.063889
0 0.185938 0.162500 0.046875 0.102778
0 0.646094 0.240278 0.020313 0.041667
0 0.660156 0.031944 0.023438 0.041667
0 0.313281 0.515278 0.023438 0.036111
0 0.364844 0.490278 0.020313 0.036111
0 0.488281 0.643056 0.014063 0.036111
0 0.035156 0.233333 0.035937 0.055556
0 0.164062 0.683333 0.018750 0.027778
