0 0.236719 0.180556 0.070312 0.138889
0 0.557031 0.266667 0.029687 0.061111
0 0.482812 0.469444 0.065625 0.100000
0 0.554688 0.573611 0.050000 0.091667
0 0.765625 0.491667 0.065625 0.127778
0 0.705469 0.311111 0.039062 0.072222
0 0.667188 0.458333 0.028125 0.055556
0 0.252344 0.838889 0.042188 0.083333
0 0.094531 0.502778 0.032813 0.050000
0 0.011719 0.583333 0.020313 0.094444
0 0.047656 0.544444 0.014063 0.038889
0 0.131250 0.755556 0.021875 0.050000
0 0.076563 0.766667 0.015625 0.027778
0 0.160938 0.980556 0.025000 0.033333
0 0.190625 0.619444 0.028125 0.050000
0 0.442188 0.259722 0.053125 0.075000
0 0.528906 0.434722 0.029687 0.063889
0 0.025781 0.238889 0.032813 0.061111
0 0.803906 0.576389 0.017188 0.025000
0 0.704688 0.429167 0.028125 0.052778
0 0.632812 0.255556 0.021875 0.038889
0 0.303125 0.522222 0.021875 0.033333
0 0.353906 0.497222 0.023438 0.033333
0 0.153125 0.686111 0.021875 0.033333
0 0.021875 0.725000 0.031250 0.061111
0 0.529687 0.838889 0.018750 0.044444
