0 0.235156 0.188889 0.070312 0.150000
0 0.550781 0.275000 0.032813 0.066667
0 0.468750 0.476389 0.050000 0.086111
0 0.754687 0.498611 0.065625 0.125000
0 0.548438 0.577778 0.050000 0.094444
0 0.247656 0.841667 0.042188 0.083333
0 0.039844 0.545833 0.014063 0.036111
0 0.088281 0.504167 0.032813 0.047222
0 0.067187 0.769444 0.018750 0.027778
0 0.121875 0.759722 0.025000 0.052778
0 0.180469 0.625000 0.023438 0.050000
0 0.150000 0.983333 0.025000 0.027778
0 0.437500 0.261111 0.059375 0.077778
0 0.659375 0.463889 0.025000 0.044444
0 0.701562 0.316667 0.043750 0.061111
0 0.629687 0.297222 0.012500 0.022222
0 0.795312 0.586111 0.015625 0.027778
0 0.296875 0.530556 0.021875 0.038889
0 0.345313 0.505556 0.018750 0.033333
