0 0.243750 0.195833 0.071875 0.152778
0 0.476562 0.486111 0.050000 0.083333
0 0.699219 0.327778 0.035937 0.072222
0 0.657031 0.472222 0.029687 0.050000
0 0.760156 0.513889 0.067187 0.127778
0 0.550000 0.591667 0.046875 0.094444
0 0.246094 0.850000 0.045312 0.077778
0 0.084375 0.511111 0.037500 0.050000
0 0.060156 0.776389 0.017188 0.025000
0 0.116406 0.766667 0.023438 0.050000
0 0.181250 0.631944 0.034375 0.047222
0 0.553125 0.283333 0.028125 0.066667
0 0.625000 0.319444 0.015625 0.027778
0 0.144531 0.986111 0.017188 0.022222
0 0.791406 0.598611 0.017188 0.030556
0 0.292969 0.534722 0.026562 0.036111
0 0.343750 0.511111 0.018750 0.033333
0 0.157031 0.940278 0.023438 0.036111
0 0.013281 0.740278 0.023438 0.075000
0 0.321875 0.804167 0.034375 0.052778
0 0.445312 0.255556 0.059375 0.122222
0 0.625781 0.273611 0.023438 0.041667
0 0.522656 0.444444 0.029687 0.055556
0 0.643750 0.075000 0.021875 0.033333
0 0.698438 0.438889 0.031250 0.066667
