0 0.257812 0.201389 0.071875 0.141667
0 0.703906 0.341667 0.035937 0.072222
0 0.776563 0.541667 0.065625 0.122222
0 0.485938 0.504167 0.050000 0.097222
0 0.556250 0.602778 0.050000 0.100000
0 0.250000 0.854167 0.046875 0.086111
0 0.114062 0.769444 0.025000 0.050000
0 0.054688 0.780556 0.015625 0.027778
0 0.154688 0.952778 0.018750 0.033333
0 0.176563 0.634722 0.028125 0.052778
0 0.526563 0.456944 0.031250 0.058333
0 0.458594 0.290278 0.054688 0.080556
0 0.559375 0.297222 0.025000 0.066667
0 0.624219 0.336111 0.014063 0.027778
0 0.657813 0.486111 0.025000 0.044444
0 0.791406 0.609722 0.020313 0.030556
0 0.702344 0.454167 0.029687 0.069444
0 0.630469 0.283333 0.017188 0.038889
0 0.084375 0.512500 0.040625 0.058333
