0 0.279687 0.215278 0.075000 0.141667
0 0.114062 0.783333 0.021875 0.055556
0 0.505469 0.513889 0.054688 0.083333
0 0.564063 0.625000 0.046875 0.105556
0 0.709375 0.355556 0.034375 0.072222
0 0.800000 0.568056 0.065625 0.125000
0 0.090625 0.526389 0.037500 0.052778
0 0.046875 0.788889 0.015625 0.022222
0 0.256250 0.881944 0.040625 0.080556
0 0.146875 0.966667 0.018750 0.033333
0 0.477344 0.290278 0.054688 0.113889
0 0.565625 0.318056 0.028125 0.063889
0 0.661719 0.500000 0.023438 0.038889
0 0.630469 0.301389 0.023438 0.047222
0 0.624219 0.348611 0.014063 0.025000
0 0.534375 0.463889 0.028125 0.044444
0 0.706250 0.479167 0.031250 0.063889
0 0.326562 0.840278 0.050000 0.080556
0 0.176563 0.647222 0.028125 0.055556
0 0.015625 0.756944 0.031250 0.069444
0 0.294531 0.559722 0.026562 0.036111
0 0.344531 0.531944 0.020313 0.036111
0 0.653125 0.097222 0.021875 0.044444
