0 0.303906 0.236111 0.070312 0.144444
0 0.711719 0.380556 0.035937 0.066667
0 0.517969 0.536111 0.051562 0.083333
0 0.571875 0.645833 0.046875 0.097222
0 0.820312 0.591667 0.062500 0.122222
0 0.262500 0.895833 0.040625 0.086111
0 0.569531 0.336111 0.032813 0.066667
0 0.497656 0.333333 0.048438 0.072222
0 0.621094 0.358333 0.010937 0.027778
0 0.178906 0.659722 0.032813 0.047222
0 0.294531 0.583333 0.020313 0.050000
0 0.329688 0.863889 0.043750 0.088889
0 0.094531 0.540278 0.032813 0.047222
0 0.110937 0.795833 0.021875 0.047222
0 0.138281 0.977778 0.023438 0.038889
0 0.011719 0.620833 0.023438 0.080556
0 0.020313 0.773611 0.031250 0.069444
0 0.662500 0.523611 0.025000 0.041667
0 0.953125 0.026389 0.028125 0.047222
0 0.634375 0.325000 0.015625 0.044444
