0 0.328906 0.254167 0.073438 0.152778
0 0.336719 0.883333 0.048438 0.088889
0 0.535156 0.563889 0.051562 0.094444
0 0.580469 0.670833 0.048438 0.108333
0 0.719531 0.406944 0.035937 0.069444
0 0.842187 0.611111 0.065625 0.116667
0 0.268750 0.918056 0.040625 0.086111
0 0.097656 0.555556 0.035937 0.050000
0 0.174219 0.676389 0.029687 0.052778
0 0.108594 0.816667 0.023438 0.055556
0 0.518750 0.351389 0.050000 0.075000
0 0.581250 0.356944 0.028125 0.063889
0 0.635156 0.348611 0.023438 0.041667
0 0.546094 0.505556 0.026562 0.038889
0 0.300000 0.590278 0.015625 0.036111
0 0.342187 0.565278 0.018750 0.036111
0 0.022656 0.790278 0.035937 0.063889
0 0.017188 0.641667 0.031250 0.083333
