0 0.660937 0.545833 0.046875 0.102778
0 0.444531 0.734722 0.048438 0.080556
0 0.936719 0.698611 0.060937 0.136111
0 0.940625 0.548611 0.062500 0.108333
0 0.823438 0.827778 0.040625 0.088889
0 0.882031 0.965278 0.023438 0.041667
0 0.180469 0.438889 0.023438 0.044444
0 0.474219 0.981944 0.045312 0.030556
0 0.635938 0.976389 0.037500 0.041667
0 0.674219 0.784722 0.029687 0.036111
0 0.855469 0.956944 0.017188 0.025000
0 0.891406 0.891667 0.020313 0.033333
0 0.975781 0.894444 0.017188 0.027778
0 0.256250 0.622222 0.050000 0.100000
0 0.319531 0.779167 0.042188 0.097222
0 0.121094 0.925000 0.048438 0.111111
