0 0.358594 0.280556 0.073438 0.144444
0 0.721875 0.438889 0.040625 0.072222
0 0.863281 0.654167 0.067187 0.130556
0 0.552344 0.595833 0.051562 0.086111
0 0.589844 0.700000 0.045312 0.100000
0 0.345313 0.915278 0.046875 0.086111
0 0.171875 0.702778 0.028125 0.061111
0 0.107031 0.840278 0.020313 0.052778
0 0.101562 0.583333 0.034375 0.061111
0 0.275000 0.950000 0.043750 0.088889
0 0.026562 0.819444 0.031250 0.072222
0 0.538281 0.383333 0.042188 0.072222
0 0.593750 0.386111 0.025000 0.055556
0 0.839844 0.361111 0.023438 0.044444
0 0.635938 0.380556 0.021875 0.038889
0 0.550000 0.534722 0.028125 0.041667
