0 0.173437 0.733333 0.031250 0.055556
0 0.383594 0.316667 0.073438 0.138889
0 0.727344 0.477778 0.035937 0.072222
0 0.582812 0.638889 0.071875 0.094444
0 0.882812 0.695833 0.068750 0.125000
0 0.354687 0.947222 0.050000 0.083333
0 0.102344 0.873611 0.026562 0.058333
0 0.597656 0.737500 0.042188 0.102778
0 0.840625 0.404167 0.028125 0.058333
0 0.104688 0.612500 0.037500 0.052778
0 0.030469 0.845833 0.035937 0.063889
0 0.562500 0.422222 0.034375 0.066667
0 0.600781 0.423611 0.026562 0.052778
0 0.719531 0.033333 0.029687 0.055556
0 0.557813 0.576389 0.028125 0.047222
