0 0.175000 0.763889 0.031250 0.061111
0 0.367969 0.966667 0.051562 0.061111
0 0.596094 0.672222 0.048438 0.083333
0 0.417187 0.347222 0.075000 0.122222
0 0.733594 0.518056 0.035937 0.069444
0 0.907031 0.743056 0.070312 0.130556
0 0.111719 0.644444 0.039062 0.050000
0 0.101562 0.904167 0.025000 0.052778
0 0.604688 0.758333 0.050000 0.072222
0 0.726562 0.073611 0.028125 0.041667
0 0.821094 0.038889 0.029687 0.061111
0 0.589063 0.458333 0.037500 0.066667
0 0.842969 0.434722 0.026562 0.041667
0 0.239063 0.747222 0.021875 0.044444
0 0.042188 0.880556 0.034375 0.072222
