0 0.452344 0.400000 0.070312 0.144444
0 0.936719 0.791667 0.073438 0.127778
0 0.620313 0.722222 0.050000 0.100000
0 0.744531 0.554167 0.035937 0.069444
0 0.178906 0.800000 0.035937 0.066667
0 0.027344 0.138889 0.051562 0.238889
0 0.399219 0.044444 0.067187 0.088889
0 0.123438 0.677778 0.034375 0.044444
0 0.057031 0.925000 0.026562 0.072222
0 0.102344 0.943056 0.026562 0.058333
0 0.251563 0.783333 0.021875 0.050000
0 0.376563 0.990278 0.031250 0.013889
0 0.831250 0.080556 0.031250 0.077778
0 0.621875 0.498611 0.031250 0.052778
0 0.734375 0.115278 0.028125 0.052778
0 0.867969 0.141667 0.042188 0.044444
0 0.850000 0.472222 0.025000 0.038889
