0 0.064844 0.213889 0.117188 0.211111
0 0.500000 0.505556 0.075000 0.144444
0 0.884375 0.081944 0.062500 0.113889
0 0.762500 0.633333 0.034375 0.066667
0 0.660937 0.818056 0.050000 0.102778
0 0.970313 0.891667 0.056250 0.116667
0 0.185156 0.877778 0.039062 0.055556
0 0.848437 0.163889 0.031250 0.066667
0 0.439063 0.127778 0.081250 0.127778
0 0.911719 0.247222 0.032813 0.055556
0 0.665625 0.594444 0.021875 0.044444
0 0.860156 0.548611 0.023438 0.041667
0 0.256250 0.859722 0.021875 0.047222
0 0.055469 0.869444 0.026562 0.055556
0 0.310156 0.798611 0.023438 0.063889
