0 0.061719 0.268056 0.120313 0.236111
0 0.500000 0.544444 0.075000 0.150000
0 0.659375 0.856944 0.053125 0.086111
0 0.761719 0.669444 0.039062 0.066667
0 0.884375 0.116667 0.056250 0.105556
0 0.182812 0.913889 0.037500 0.055556
0 0.328125 0.090278 0.053125 0.125000
0 0.442969 0.163889 0.079687 0.127778
0 0.848437 0.202778 0.031250 0.072222
0 0.969531 0.933333 0.054688 0.127778
0 0.272656 0.644444 0.029687 0.044444
0 0.048438 0.901389 0.021875 0.036111
0 0.306250 0.834722 0.021875 0.058333
0 0.859375 0.588889 0.025000 0.061111
0 0.902344 0.291667 0.051562 0.083333
0 0.642969 0.936111 0.048438 0.077778
