0 0.465625 0.601389 0.075000 0.136111
0 0.032031 0.341667 0.064062 0.238889
0 0.862500 0.163889 0.059375 0.105556
0 0.744531 0.719444 0.035937 0.066667
0 0.631250 0.918056 0.050000 0.091667
0 0.408594 0.220833 0.079687 0.130556
0 0.829688 0.248611 0.031250 0.075000
0 0.846094 0.633333 0.029687 0.050000
0 0.160156 0.969444 0.035937 0.050000
0 0.232813 0.951389 0.025000 0.047222
0 0.288281 0.145833 0.060937 0.130556
0 0.880469 0.336111 0.054688 0.077778
0 0.735156 0.823611 0.029687 0.052778
0 0.964063 0.966667 0.062500 0.055556
