0 0.436719 0.613889 0.076563 0.144444
0 0.738281 0.731944 0.035937 0.069444
0 0.612500 0.938889 0.053125 0.100000
0 0.843750 0.175000 0.062500 0.111111
0 0.145313 0.980556 0.031250 0.033333
0 0.376563 0.227778 0.084375 0.133333
0 0.221094 0.969444 0.023438 0.044444
0 0.814844 0.254167 0.032813 0.075000
0 0.722656 0.290278 0.026562 0.047222
0 0.867969 0.340278 0.048438 0.069444
0 0.615625 0.706944 0.028125 0.041667
0 0.839844 0.648611 0.026562 0.052778
0 0.728906 0.836111 0.029687 0.050000
0 0.945312 0.973611 0.062500 0.047222
0 0.255469 0.150000 0.064062 0.127778
