0 0.687500 0.540278 0.046875 0.113889
0 0.969531 0.544444 0.057813 0.105556
0 0.968750 0.687500 0.059375 0.136111
0 0.850000 0.825000 0.040625 0.088889
0 0.910156 0.963889 0.023438 0.044444
0 0.284375 0.616667 0.046875 0.094444
0 0.345313 0.769444 0.040625 0.094444
0 0.471875 0.729167 0.043750 0.075000
0 0.491406 0.977778 0.064062 0.038889
0 0.664062 0.970833 0.040625 0.052778
0 0.699219 0.781944 0.029687 0.036111
0 0.674219 0.662500 0.014063 0.025000
0 0.882812 0.954167 0.015625 0.025000
0 0.158594 0.918056 0.048438 0.102778
0 0.211719 0.434722 0.017188 0.041667
0 0.916406 0.883333 0.014063 0.027778
0 0.927344 0.844444 0.026562 0.055556
