0 0.410938 0.623611 0.081250 0.158333
0 0.355469 0.227778 0.085938 0.133333
0 0.835938 0.165278 0.062500 0.119444
0 0.743750 0.736111 0.040625 0.066667
0 0.613281 0.945833 0.076563 0.102778
0 0.821094 0.254167 0.029687 0.075000
0 0.229687 0.159722 0.065625 0.136111
0 0.123438 0.250000 0.043750 0.044444
0 0.597656 0.719444 0.029687 0.061111
0 0.724219 0.293056 0.029687 0.047222
0 0.856250 0.331944 0.046875 0.063889
0 0.567187 0.847222 0.031250 0.055556
0 0.850781 0.644444 0.026562 0.044444
0 0.737500 0.847222 0.031250 0.050000
0 0.941406 0.975000 0.067187 0.044444
