0 0.391406 0.202778 0.076563 0.127778
0 0.448437 0.590278 0.075000 0.152778
0 0.891406 0.097222 0.064062 0.105556
0 0.821094 0.725000 0.039062 0.072222
0 0.659375 0.922222 0.056250 0.100000
0 0.792969 0.268056 0.029687 0.047222
0 0.252344 0.136111 0.073438 0.127778
0 0.164844 0.900000 0.032813 0.044444
0 0.642188 0.694444 0.050000 0.077778
0 0.635938 0.837500 0.031250 0.047222
0 0.685937 0.680556 0.028125 0.050000
0 0.892188 0.215278 0.037500 0.075000
0 0.939844 0.637500 0.029687 0.058333
0 0.819531 0.850000 0.032813 0.066667
0 0.879687 0.981944 0.025000 0.030556
