0 0.445312 0.184722 0.078125 0.130556
0 0.507031 0.573611 0.079687 0.158333
0 0.727344 0.913889 0.054688 0.105556
0 0.889062 0.712500 0.040625 0.075000
0 0.957031 0.072222 0.070312 0.127778
0 0.029687 0.312500 0.059375 0.202778
0 0.851562 0.245833 0.031250 0.052778
0 0.955469 0.186111 0.039062 0.072222
0 0.708594 0.668056 0.042188 0.075000
0 0.750000 0.669444 0.021875 0.055556
0 0.304688 0.133333 0.071875 0.133333
0 0.228906 0.894444 0.032813 0.050000
0 0.024219 0.761111 0.045312 0.116667
0 0.215625 0.600000 0.025000 0.038889
0 0.700781 0.830556 0.032813 0.050000
0 0.814063 0.436111 0.021875 0.050000
