0 0.386719 0.169444 0.120313 0.216667
0 0.325000 0.504167 0.109375 0.213889
0 0.102344 0.558333 0.079687 0.144444
0 0.400781 0.627778 0.067187 0.116667
0 0.881250 0.345833 0.090625 0.152778
0 0.571094 0.779167 0.032813 0.063889
0 0.637500 0.911111 0.031250 0.050000
0 0.175000 0.125000 0.075000 0.100000
0 0.542188 0.495833 0.031250 0.063889
0 0.568750 0.147222 0.046875 0.116667
0 0.753125 0.805556 0.015625 0.027778
0 0.934375 0.966667 0.018750 0.027778
0 0.707812 0.887500 0.018750 0.041667
0 0.350000 0.956944 0.015625 0.025000
