0 0.441406 0.338889 0.107813 0.216667
0 0.213281 0.441667 0.079687 0.144444
0 0.500781 0.505556 0.060937 0.116667
0 0.662500 0.683333 0.037500 0.066667
0 0.724219 0.833333 0.032813 0.061111
0 0.503125 0.059722 0.109375 0.119444
0 0.589063 0.758333 0.040625 0.105556
0 0.607812 0.919444 0.037500 0.072222
0 0.318750 0.965278 0.043750 0.063889
0 0.039844 0.709722 0.054688 0.097222
0 0.677344 0.906944 0.020313 0.030556
0 0.666406 0.973611 0.023438 0.047222
0 0.632812 0.401389 0.034375 0.069444
0 0.849219 0.729167 0.023438 0.041667
