0 0.273438 0.397222 0.075000 0.144444
0 0.509375 0.284722 0.106250 0.213889
0 0.563281 0.462500 0.060937 0.113889
0 0.719531 0.651389 0.035937 0.063889
0 0.376563 0.934722 0.043750 0.097222
0 0.719531 0.951389 0.026562 0.058333
0 0.779687 0.804167 0.031250 0.058333
0 0.647656 0.725000 0.045312 0.105556
0 0.107031 0.679167 0.054688 0.091667
0 0.671094 0.887500 0.035937 0.069444
0 0.730469 0.881944 0.020313 0.036111
0 0.688281 0.363889 0.032813 0.066667
0 0.907031 0.223611 0.029687 0.075000
0 0.880469 0.288889 0.023438 0.038889
