0 0.349219 0.163889 0.051562 0.072222
0 0.560156 0.194444 0.060937 0.133333
0 0.167187 0.744444 0.050000 0.100000
0 0.910937 0.384722 0.056250 0.097222
0 0.121094 0.698611 0.042188 0.097222
0 0.867969 0.575000 0.060937 0.111111
0 0.156250 0.561111 0.043750 0.061111
0 0.340625 0.633333 0.037500 0.055556
0 0.585938 0.781944 0.068750 0.113889
0 0.726562 0.800000 0.037500 0.066667
0 0.072656 0.608333 0.014063 0.022222
0 0.141406 0.944444 0.014063 0.027778
0 0.017188 0.388889 0.015625 0.027778
0 0.032813 0.476389 0.012500 0.025000
