0 0.146875 0.526389 0.043750 0.063889
0 0.751563 0.838889 0.078125 0.144444
0 0.672656 0.765278 0.076563 0.158333
0 0.971875 0.633333 0.053125 0.105556
0 0.357812 0.263889 0.025000 0.038889
0 0.701562 0.537500 0.068750 0.102778
0 0.335938 0.669444 0.018750 0.033333
0 0.357031 0.550000 0.017188 0.027778
0 0.383594 0.391667 0.017188 0.033333
0 0.482812 0.848611 0.021875 0.030556
0 0.346875 0.715278 0.015625 0.025000
0 0.429688 0.661111 0.015625 0.027778
0 0.344531 0.743056 0.014063 0.025000
0 0.210156 0.844444 0.014063 0.022222
0 0.193750 0.273611 0.012500 0.019444
