0 0.125000 0.534722 0.043750 0.063889
0 0.350000 0.255556 0.025000 0.044444
0 0.686719 0.801389 0.079687 0.169444
0 0.771094 0.879167 0.079687 0.158333
0 0.717969 0.551389 0.073438 0.108333
0 0.377344 0.390278 0.020313 0.036111
0 0.350000 0.563889 0.015625 0.038889
0 0.326562 0.691667 0.021875 0.050000
0 0.175781 0.269444 0.014063 0.027778
0 0.169531 0.756944 0.023438 0.030556
0 0.338281 0.736111 0.017188 0.027778
0 0.335938 0.765278 0.015625 0.025000
0 0.428125 0.677778 0.018750 0.033333
0 0.485156 0.888889 0.023438 0.050000
