0 0.117969 0.543056 0.042188 0.069444
0 0.702344 0.827778 0.082812 0.188889
0 0.786719 0.900000 0.085938 0.166667
0 0.351562 0.251389 0.028125 0.041667
0 0.377344 0.390278 0.023438 0.041667
0 0.733594 0.562500 0.076563 0.113889
0 0.350000 0.570833 0.018750 0.036111
0 0.325781 0.704167 0.023438 0.047222
0 0.461719 0.590278 0.017188 0.036111
0 0.432031 0.697222 0.017188 0.044444
0 0.337500 0.751389 0.018750 0.025000
0 0.335938 0.781944 0.015625 0.025000
0 0.488281 0.909722 0.020313 0.052778
0 0.169531 0.265278 0.017188 0.030556
