0 0.718750 0.831944 0.084375 0.175000
0 0.808594 0.912500 0.085938 0.158333
0 0.112500 0.547222 0.046875 0.066667
0 0.329688 0.709722 0.025000 0.047222
0 0.382812 0.388889 0.021875 0.038889
0 0.355469 0.243056 0.026562 0.041667
0 0.750781 0.566667 0.079687 0.122222
0 0.354687 0.573611 0.018750 0.041667
0 0.167187 0.255556 0.015625 0.027778
0 0.469531 0.595833 0.020313 0.036111
0 0.341406 0.761111 0.020313 0.033333
0 0.339062 0.794444 0.015625 0.027778
0 0.498437 0.927778 0.021875 0.050000
0 0.437500 0.706944 0.021875 0.041667
