0 0.192969 0.238889 0.045312 0.105556
0 0.163281 0.662500 0.039062 0.058333
0 0.455469 0.261111 0.045312 0.088889
0 0.432812 0.366667 0.046875 0.122222
0 0.367188 0.540278 0.031250 0.080556
0 0.560156 0.433333 0.064062 0.116667
0 0.746094 0.431944 0.054688 0.063889
0 0.680469 0.656944 0.042188 0.102778
0 0.888281 0.890278 0.039062 0.075000
0 0.427344 0.680556 0.010937 0.033333
0 0.514062 0.659722 0.028125 0.052778
0 0.557813 0.708333 0.018750 0.027778
0 0.442969 0.566667 0.017188 0.038889
0 0.256250 0.413889 0.018750 0.033333
