0 0.101562 0.551389 0.050000 0.080556
0 0.761719 0.861111 0.095312 0.188889
0 0.860156 0.930556 0.098437 0.133333
0 0.363281 0.226389 0.035937 0.058333
0 0.361719 0.580556 0.020313 0.044444
0 0.392188 0.380556 0.021875 0.044444
0 0.334375 0.731944 0.025000 0.052778
0 0.518750 0.961111 0.025000 0.055556
0 0.346875 0.784722 0.021875 0.036111
0 0.151562 0.812500 0.028125 0.041667
0 0.344531 0.819444 0.020313 0.033333
0 0.454688 0.720833 0.021875 0.047222
0 0.485938 0.602778 0.018750 0.044444
0 0.782813 0.575000 0.059375 0.138889
