0 0.123438 0.497222 0.050000 0.100000
0 0.603125 0.447222 0.043750 0.100000
0 0.734375 0.388889 0.050000 0.088889
0 0.483594 0.656944 0.035937 0.069444
0 0.175000 0.808333 0.046875 0.088889
0 0.592969 0.822222 0.026562 0.055556
0 0.867969 0.845833 0.035937 0.080556
0 0.218750 0.469444 0.046875 0.077778
0 0.220312 0.758333 0.031250 0.061111
0 0.685937 0.683333 0.037500 0.061111
0 0.978125 0.369444 0.018750 0.027778
0 0.518750 0.212500 0.018750 0.036111
0 0.182812 0.294444 0.034375 0.083333
0 0.915625 0.701389 0.034375 0.052778
