0 0.071094 0.797222 0.051562 0.088889
0 0.396875 0.636111 0.037500 0.066667
0 0.511719 0.412500 0.045312 0.086111
0 0.639844 0.361111 0.045312 0.100000
0 0.851562 0.947222 0.059375 0.100000
0 0.773438 0.805556 0.034375 0.072222
0 0.510938 0.805556 0.028125 0.055556
0 0.975781 0.158333 0.029687 0.050000
0 0.883594 0.356944 0.017188 0.030556
0 0.112500 0.445833 0.050000 0.086111
0 0.121094 0.744444 0.035937 0.066667
0 0.017188 0.468056 0.031250 0.097222
0 0.593750 0.655556 0.037500 0.072222
0 0.934375 0.509722 0.012500 0.025000
0 0.821094 0.668056 0.035937 0.047222
