0 0.046094 0.786111 0.051562 0.088889
0 0.380469 0.627778 0.035937 0.077778
0 0.490625 0.400000 0.046875 0.094444
0 0.619531 0.343056 0.048438 0.097222
0 0.755469 0.797222 0.029687 0.077778
0 0.832031 0.933333 0.060937 0.105556
0 0.491406 0.791667 0.026562 0.050000
0 0.957812 0.145833 0.025000 0.041667
0 0.867188 0.348611 0.018750 0.036111
0 0.574219 0.637500 0.039062 0.069444
0 0.088281 0.429167 0.051562 0.086111
0 0.099219 0.733333 0.035937 0.066667
0 0.914844 0.500000 0.014063 0.022222
0 0.800000 0.652778 0.040625 0.050000
