0 0.026562 0.766667 0.050000 0.088889
0 0.478125 0.776389 0.025000 0.058333
0 0.812500 0.915278 0.059375 0.102778
0 0.603125 0.325000 0.050000 0.105556
0 0.473438 0.376389 0.046875 0.091667
0 0.939063 0.134722 0.025000 0.041667
0 0.362500 0.609722 0.034375 0.075000
0 0.850000 0.333333 0.018750 0.038889
0 0.067969 0.412500 0.051562 0.086111
0 0.081250 0.719444 0.034375 0.066667
0 0.557813 0.622222 0.037500 0.066667
0 0.738281 0.769444 0.032813 0.055556
0 0.898438 0.484722 0.012500 0.019444
0 0.783594 0.633333 0.035937 0.050000
0 0.918750 0.393056 0.012500 0.025000
