0 0.458594 0.361111 0.048438 0.094444
0 0.588281 0.304167 0.051562 0.102778
0 0.347656 0.591667 0.035937 0.072222
0 0.464844 0.755556 0.026562 0.061111
0 0.795312 0.897222 0.062500 0.111111
0 0.018750 0.748611 0.037500 0.086111
0 0.924219 0.115278 0.026562 0.041667
0 0.834375 0.315278 0.018750 0.036111
0 0.050000 0.391667 0.053125 0.088889
0 0.063281 0.704167 0.035937 0.069444
0 0.883594 0.466667 0.010937 0.022222
0 0.724219 0.751389 0.032813 0.058333
0 0.543750 0.602778 0.037500 0.072222
0 0.901563 0.376389 0.012500 0.025000
0 0.765625 0.613889 0.037500 0.050000
