0 0.444531 0.334722 0.048438 0.091667
0 0.574219 0.279167 0.051562 0.097222
0 0.450000 0.740278 0.025000 0.058333
0 0.338281 0.570833 0.032813 0.069444
0 0.045312 0.683333 0.034375 0.072222
0 0.781250 0.869444 0.059375 0.105556
0 0.908594 0.094444 0.023438 0.044444
0 0.821875 0.294444 0.018750 0.033333
0 0.030469 0.365278 0.054688 0.086111
0 0.530469 0.580556 0.042188 0.066667
0 0.710156 0.729167 0.032813 0.052778
0 0.868750 0.443056 0.009375 0.019444
0 0.888281 0.355556 0.014063 0.022222
0 0.755469 0.591667 0.035937 0.055556
