0 0.364063 0.205556 0.037500 0.050000
0 0.096094 0.554167 0.057813 0.086111
0 0.789844 0.884722 0.104688 0.208333
0 0.891406 0.938889 0.101562 0.116667
0 0.336719 0.738889 0.029687 0.061111
0 0.397656 0.373611 0.023438 0.041667
0 0.825000 0.573611 0.087500 0.136111
0 0.365625 0.583333 0.021875 0.044444
0 0.142969 0.823611 0.026562 0.036111
0 0.350000 0.798611 0.021875 0.036111
0 0.346094 0.834722 0.017188 0.030556
0 0.460156 0.729167 0.023438 0.036111
0 0.495312 0.606944 0.021875 0.036111
0 0.528125 0.969444 0.028125 0.044444
