0 0.373437 0.202778 0.028125 0.050000
0 0.106250 0.551389 0.056250 0.075000
0 0.345313 0.734722 0.028125 0.047222
0 0.803125 0.876389 0.100000 0.208333
0 0.904687 0.937500 0.100000 0.119444
0 0.406250 0.368056 0.025000 0.041667
0 0.375781 0.581944 0.023438 0.047222
0 0.838281 0.576389 0.092188 0.141667
0 0.471094 0.729167 0.023438 0.041667
0 0.358594 0.795833 0.023438 0.036111
0 0.154688 0.822222 0.028125 0.038889
0 0.358594 0.831944 0.020313 0.036111
0 0.506250 0.602778 0.025000 0.038889
0 0.539062 0.970833 0.025000 0.041667
