0 0.826562 0.888889 0.103125 0.194444
0 0.932031 0.941667 0.107813 0.111111
0 0.105469 0.547222 0.051562 0.077778
0 0.352344 0.737500 0.029687 0.052778
0 0.384375 0.193056 0.031250 0.052778
0 0.382812 0.581944 0.025000 0.041667
0 0.415625 0.366667 0.025000 0.038889
0 0.861719 0.575000 0.095312 0.138889
0 0.517969 0.604167 0.026562 0.041667
0 0.166406 0.212500 0.017188 0.030556
0 0.482812 0.740278 0.028125 0.047222
0 0.551562 0.977778 0.031250 0.038889
0 0.364063 0.800000 0.028125 0.038889
0 0.156250 0.830556 0.031250 0.050000
0 0.364844 0.841667 0.023438 0.033333
