0 0.387500 0.187500 0.034375 0.063889
0 0.108594 0.550000 0.057813 0.077778
0 0.842187 0.894444 0.109375 0.205556
0 0.359375 0.743056 0.031250 0.063889
0 0.421094 0.362500 0.023438 0.041667
0 0.388281 0.584722 0.023438 0.047222
0 0.885156 0.580556 0.110937 0.150000
0 0.167187 0.204167 0.021875 0.036111
0 0.159375 0.836111 0.031250 0.044444
0 0.372656 0.805556 0.026562 0.038889
0 0.488281 0.738889 0.026562 0.044444
0 0.526563 0.604167 0.025000 0.041667
0 0.948438 0.945833 0.100000 0.097222
0 0.564063 0.983333 0.034375 0.027778
