0 0.392188 0.187500 0.037500 0.058333
0 0.101562 0.558333 0.053125 0.077778
0 0.853125 0.901389 0.103125 0.191667
0 0.425781 0.361111 0.029687 0.050000
0 0.391406 0.593056 0.023438 0.052778
0 0.360938 0.752778 0.028125 0.044444
0 0.896094 0.586111 0.107813 0.155556
0 0.164844 0.202778 0.020313 0.038889
0 0.158594 0.845833 0.026562 0.041667
0 0.374219 0.816667 0.026562 0.044444
0 0.371875 0.855556 0.021875 0.033333
0 0.495312 0.750000 0.028125 0.055556
0 0.530469 0.609722 0.023438 0.041667
0 0.955469 0.954167 0.082812 0.075000
