0 0.100781 0.558333 0.057813 0.088889
0 0.389844 0.188889 0.039062 0.066667
0 0.426563 0.366667 0.028125 0.055556
0 0.359375 0.763889 0.034375 0.055556
0 0.864062 0.908333 0.115625 0.177778
0 0.904687 0.598611 0.106250 0.147222
0 0.391406 0.594444 0.026562 0.050000
0 0.503906 0.619444 0.026562 0.033333
0 0.533594 0.622222 0.023438 0.044444
0 0.496094 0.759722 0.029687 0.047222
0 0.373437 0.827778 0.025000 0.038889
0 0.371094 0.868056 0.020313 0.036111
0 0.445312 0.827778 0.018750 0.027778
0 0.153125 0.861111 0.031250 0.050000
