0 0.368750 0.250000 0.037500 0.055556
0 0.078906 0.634722 0.054688 0.080556
0 0.483594 0.691667 0.029687 0.055556
0 0.339062 0.825000 0.031250 0.055556
0 0.870313 0.688889 0.096875 0.138889
0 0.405469 0.427778 0.026562 0.044444
0 0.371875 0.661111 0.021875 0.044444
0 0.829688 0.955556 0.103125 0.083333
0 0.139844 0.272222 0.023438 0.044444
0 0.132031 0.926389 0.029687 0.047222
0 0.353125 0.888889 0.025000 0.038889
0 0.350000 0.927778 0.021875 0.033333
0 0.512500 0.683333 0.025000 0.044444
0 0.283594 0.383333 0.029687 0.055556
