0 0.392188 0.411111 0.031250 0.050000
0 0.356250 0.230556 0.037500 0.066667
0 0.062500 0.616667 0.059375 0.094444
0 0.468750 0.672222 0.028125 0.061111
0 0.325000 0.806944 0.031250 0.052778
0 0.849219 0.669444 0.095312 0.150000
0 0.812500 0.944444 0.109375 0.105556
0 0.357812 0.637500 0.025000 0.047222
0 0.126562 0.250000 0.021875 0.044444
0 0.267188 0.363889 0.028125 0.061111
0 0.117188 0.904167 0.031250 0.052778
0 0.339062 0.866667 0.025000 0.038889
0 0.337500 0.909722 0.021875 0.041667
0 0.497656 0.662500 0.023438 0.047222
