0 0.799219 0.902778 0.101562 0.172222
0 0.346875 0.181944 0.040625 0.069444
0 0.056250 0.562500 0.065625 0.080556
0 0.383594 0.363889 0.029687 0.061111
0 0.317188 0.762500 0.031250 0.063889
0 0.347656 0.593056 0.023438 0.047222
0 0.488281 0.615278 0.023438 0.041667
0 0.840625 0.608333 0.096875 0.150000
0 0.458594 0.616667 0.029687 0.038889
0 0.331250 0.815278 0.025000 0.036111
0 0.108594 0.854167 0.032813 0.052778
0 0.328906 0.854167 0.020313 0.036111
0 0.115625 0.200000 0.021875 0.033333
0 0.260937 0.315278 0.028125 0.058333
