0 0.346875 0.154167 0.037500 0.058333
0 0.053906 0.536111 0.057813 0.094444
0 0.383594 0.338889 0.032813 0.055556
0 0.803125 0.894444 0.109375 0.205556
0 0.842187 0.576389 0.096875 0.152778
0 0.316406 0.727778 0.029687 0.044444
0 0.489844 0.588889 0.026562 0.038889
0 0.108594 0.826389 0.032813 0.047222
0 0.116406 0.175000 0.020313 0.038889
0 0.258594 0.288889 0.032813 0.061111
0 0.330469 0.793056 0.026562 0.041667
0 0.327344 0.834722 0.020313 0.041667
0 0.453125 0.725000 0.028125 0.055556
0 0.350000 0.563889 0.025000 0.050000
0 0.913281 0.950000 0.101562 0.094444
