0 0.351562 0.130556 0.040625 0.066667
0 0.057813 0.508333 0.059375 0.088889
0 0.803125 0.868056 0.103125 0.213889
0 0.918750 0.931944 0.112500 0.130556
0 0.321094 0.704167 0.032813 0.063889
0 0.386719 0.309722 0.029687 0.052778
0 0.353125 0.531944 0.028125 0.052778
0 0.848437 0.540278 0.103125 0.147222
0 0.454688 0.697222 0.031250 0.050000
0 0.531250 0.966667 0.031250 0.061111
0 0.492969 0.561111 0.026562 0.044444
0 0.334375 0.766667 0.025000 0.038889
0 0.332813 0.806944 0.021875 0.036111
0 0.262500 0.256944 0.028125 0.058333
0 0.111719 0.798611 0.032813 0.052778
