0 0.357812 0.100000 0.040625 0.066667
0 0.392188 0.281944 0.031250 0.052778
0 0.359375 0.509722 0.028125 0.047222
0 0.326562 0.681944 0.031250 0.063889
0 0.066406 0.480556 0.060937 0.083333
0 0.813281 0.837500 0.095312 0.213889
0 0.928906 0.916667 0.114062 0.161111
0 0.463281 0.675000 0.029687 0.055556
0 0.857812 0.509722 0.100000 0.152778
0 0.537500 0.943056 0.031250 0.063889
0 0.499219 0.536111 0.026562 0.038889
0 0.126562 0.126389 0.021875 0.052778
0 0.340625 0.751389 0.025000 0.052778
0 0.337500 0.784722 0.021875 0.041667
0 0.269531 0.233333 0.026562 0.055556
