0 0.368750 0.484722 0.028125 0.058333
0 0.337500 0.650000 0.031250 0.055556
0 0.075000 0.450000 0.056250 0.083333
0 0.364063 0.076389 0.037500 0.063889
0 0.400781 0.254167 0.029687 0.052778
0 0.828906 0.813889 0.095312 0.227778
0 0.943750 0.902778 0.106250 0.188889
0 0.548438 0.915278 0.034375 0.069444
0 0.471094 0.647222 0.032813 0.061111
0 0.875000 0.476389 0.100000 0.152778
0 0.277344 0.205556 0.029687 0.061111
0 0.129688 0.745833 0.031250 0.047222
0 0.349219 0.718056 0.023438 0.041667
0 0.160156 0.898611 0.017188 0.036111
0 0.346875 0.756944 0.021875 0.036111
