0 0.376563 0.052778 0.037500 0.061111
0 0.087500 0.422222 0.062500 0.077778
0 0.379688 0.456944 0.025000 0.047222
0 0.346094 0.631944 0.032813 0.069444
0 0.845313 0.783333 0.096875 0.238889
0 0.953125 0.881944 0.090625 0.219444
0 0.891406 0.444444 0.101562 0.150000
0 0.356250 0.736111 0.021875 0.038889
0 0.358594 0.694444 0.026562 0.038889
0 0.481250 0.622222 0.028125 0.055556
0 0.557813 0.893056 0.031250 0.063889
0 0.411719 0.231944 0.026562 0.047222
0 0.138281 0.722222 0.032813 0.050000
0 0.169531 0.873611 0.020313 0.036111
0 0.288281 0.179167 0.026562 0.063889
