0 0.097656 0.402778 0.060937 0.083333
0 0.870313 0.756944 0.109375 0.236111
0 0.961719 0.870833 0.073438 0.241667
0 0.388281 0.033333 0.042188 0.066667
0 0.357031 0.609722 0.032813 0.063889
0 0.423438 0.212500 0.028125 0.041667
0 0.389844 0.444444 0.023438 0.050000
0 0.908594 0.416667 0.098437 0.150000
0 0.567969 0.866667 0.029687 0.050000
0 0.492969 0.601389 0.029687 0.041667
0 0.371094 0.676389 0.026562 0.041667
0 0.367969 0.715278 0.023438 0.036111
0 0.149219 0.705556 0.029687 0.050000
0 0.181250 0.859722 0.018750 0.036111
0 0.301563 0.159722 0.025000 0.052778
