0 0.106250 0.386111 0.059375 0.083333
0 0.368750 0.600000 0.031250 0.077778
0 0.885156 0.741667 0.101562 0.233333
0 0.583594 0.856944 0.039062 0.075000
0 0.507031 0.594444 0.029687 0.066667
0 0.400781 0.429167 0.023438 0.052778
0 0.435156 0.194444 0.026562 0.044444
0 0.924219 0.400000 0.092188 0.155556
0 0.378906 0.701389 0.020313 0.036111
0 0.382812 0.665278 0.025000 0.041667
0 0.314063 0.148611 0.028125 0.058333
0 0.162500 0.691667 0.028125 0.050000
0 0.192188 0.844444 0.021875 0.033333
0 0.250781 0.840278 0.017188 0.030556
