0 0.122656 0.381944 0.057813 0.097222
0 0.449219 0.184722 0.032813 0.052778
0 0.384375 0.584722 0.034375 0.063889
0 0.393750 0.693056 0.025000 0.047222
0 0.909375 0.722222 0.112500 0.233333
0 0.396094 0.651389 0.026562 0.041667
0 0.596094 0.840278 0.029687 0.047222
0 0.517969 0.576389 0.026562 0.047222
0 0.415625 0.415278 0.021875 0.047222
0 0.945312 0.388889 0.096875 0.161111
0 0.207031 0.833333 0.017188 0.033333
0 0.179688 0.679167 0.028125 0.047222
0 0.296875 0.626389 0.018750 0.041667
0 0.262500 0.827778 0.012500 0.027778
0 0.468750 0.650000 0.015625 0.033333
