0 0.465625 0.173611 0.037500 0.052778
0 0.142187 0.368056 0.062500 0.086111
0 0.403906 0.573611 0.032813 0.063889
0 0.611719 0.837500 0.029687 0.058333
0 0.928125 0.711111 0.106250 0.227778
0 0.222656 0.823611 0.020313 0.036111
0 0.410938 0.638889 0.025000 0.038889
0 0.409375 0.683333 0.021875 0.038889
0 0.535156 0.568056 0.026562 0.052778
0 0.957031 0.376389 0.076563 0.158333
0 0.432812 0.405556 0.025000 0.050000
0 0.192188 0.666667 0.031250 0.055556
0 0.313281 0.615278 0.020313 0.041667
0 0.278125 0.818056 0.015625 0.036111
0 0.484375 0.644444 0.018750 0.038889
0 0.344531 0.125000 0.026562 0.061111
