0 0.202344 0.354167 0.057813 0.086111
0 0.464844 0.672222 0.026562 0.044444
0 0.975000 0.701389 0.046875 0.225000
0 0.668750 0.833333 0.037500 0.066667
0 0.591406 0.565278 0.035937 0.058333
0 0.455469 0.563889 0.026562 0.050000
0 0.490625 0.397222 0.025000 0.050000
0 0.601562 0.430556 0.028125 0.044444
0 0.524219 0.165278 0.026562 0.047222
0 0.249219 0.663889 0.029687 0.055556
0 0.467969 0.630556 0.023438 0.044444
0 0.537500 0.636111 0.018750 0.033333
0 0.277344 0.812500 0.020313 0.030556
0 0.332813 0.812500 0.015625 0.036111
0 0.367969 0.608333 0.020313 0.033333
0 0.356250 0.251389 0.021875 0.036111
