0 0.216406 0.361111 0.057813 0.088889
0 0.472656 0.572222 0.035937 0.061111
0 0.478125 0.681944 0.025000 0.047222
0 0.683594 0.838889 0.032813 0.061111
0 0.603906 0.570833 0.026562 0.058333
0 0.538281 0.175000 0.026562 0.044444
0 0.368750 0.262500 0.018750 0.041667
0 0.263281 0.663889 0.029687 0.050000
0 0.289844 0.822222 0.020313 0.033333
0 0.378906 0.613889 0.020313 0.033333
0 0.504687 0.405556 0.025000 0.050000
0 0.346875 0.819444 0.015625 0.033333
0 0.984375 0.702778 0.028125 0.233333
0 0.617969 0.434722 0.023438 0.041667
