0 0.227344 0.377778 0.057813 0.088889
0 0.482812 0.593056 0.034375 0.058333
0 0.492188 0.661111 0.031250 0.050000
0 0.693750 0.855556 0.034375 0.055556
0 0.486719 0.702778 0.026562 0.038889
0 0.614844 0.588889 0.026562 0.055556
0 0.547656 0.191667 0.026562 0.050000
0 0.514844 0.425000 0.023438 0.050000
0 0.274219 0.683333 0.029687 0.050000
0 0.392969 0.638889 0.020313 0.044444
0 0.300781 0.840278 0.020313 0.036111
0 0.560937 0.663889 0.018750 0.038889
0 0.378125 0.283333 0.021875 0.044444
0 0.511719 0.026389 0.039062 0.041667
0 0.425781 0.133333 0.026562 0.044444
