0 0.482812 0.595833 0.031250 0.063889
0 0.489844 0.665278 0.029687 0.052778
0 0.229687 0.381944 0.062500 0.080556
0 0.614062 0.598611 0.031250 0.058333
0 0.547656 0.200000 0.026562 0.044444
0 0.514062 0.431944 0.025000 0.052778
0 0.487500 0.711111 0.021875 0.038889
0 0.300000 0.848611 0.018750 0.036111
0 0.693750 0.859722 0.031250 0.052778
0 0.610938 0.534722 0.018750 0.030556
0 0.514844 0.027778 0.048438 0.050000
0 0.274219 0.688889 0.026562 0.044444
0 0.390625 0.645833 0.018750 0.041667
0 0.561719 0.673611 0.017188 0.036111
0 0.356250 0.847222 0.018750 0.033333
