0 0.228906 0.387500 0.057813 0.086111
0 0.478906 0.602778 0.035937 0.066667
0 0.489063 0.670833 0.031250 0.052778
0 0.690625 0.865278 0.034375 0.058333
0 0.510156 0.026389 0.039062 0.052778
0 0.510938 0.437500 0.025000 0.047222
0 0.546094 0.206944 0.026562 0.047222
0 0.614062 0.598611 0.028125 0.041667
0 0.272656 0.697222 0.026562 0.050000
0 0.389062 0.652778 0.021875 0.038889
0 0.298438 0.854167 0.018750 0.036111
0 0.354687 0.851389 0.015625 0.030556
0 0.485938 0.718056 0.021875 0.041667
0 0.560156 0.676389 0.017188 0.036111
0 0.422656 0.145833 0.029687 0.041667
0 0.378906 0.290278 0.020313 0.041667
