0 0.483594 0.301389 0.051562 0.091667
0 0.465625 0.425000 0.046875 0.133333
0 0.594531 0.487500 0.067187 0.119444
0 0.787500 0.481944 0.056250 0.069444
0 0.719531 0.708333 0.045312 0.111111
0 0.391406 0.583333 0.035937 0.077778
0 0.216406 0.287500 0.051562 0.108333
0 0.186719 0.716667 0.045312 0.072222
0 0.543750 0.708333 0.034375 0.066667
0 0.935937 0.945833 0.037500 0.075000
0 0.456250 0.718056 0.018750 0.036111
0 0.017188 0.770833 0.031250 0.097222
0 0.471094 0.608333 0.014063 0.038889
0 0.589063 0.751389 0.018750 0.030556
