0 0.503906 0.036111 0.042188 0.072222
0 0.222656 0.388889 0.067187 0.083333
0 0.478125 0.606944 0.037500 0.063889
0 0.620313 0.475000 0.031250 0.050000
0 0.689063 0.870833 0.034375 0.063889
0 0.611719 0.602778 0.026562 0.050000
0 0.485938 0.676389 0.025000 0.041667
0 0.482031 0.718056 0.020313 0.036111
0 0.296094 0.859722 0.017188 0.036111
0 0.541406 0.208333 0.026562 0.044444
0 0.509375 0.438889 0.025000 0.050000
0 0.374219 0.301389 0.020313 0.063889
0 0.419531 0.152778 0.029687 0.044444
0 0.267188 0.700000 0.031250 0.050000
0 0.384375 0.656944 0.021875 0.041667
0 0.350781 0.852778 0.017188 0.027778
