0 0.217188 0.391667 0.062500 0.094444
0 0.536719 0.208333 0.032813 0.061111
0 0.470313 0.612500 0.037500 0.063889
0 0.475781 0.722222 0.026562 0.050000
0 0.684375 0.876389 0.037500 0.063889
0 0.288281 0.862500 0.023438 0.041667
0 0.501563 0.037500 0.037500 0.075000
0 0.603125 0.606944 0.031250 0.063889
0 0.502344 0.440278 0.026562 0.052778
0 0.367969 0.302778 0.020313 0.055556
0 0.263281 0.700000 0.029687 0.044444
0 0.617188 0.466667 0.018750 0.038889
0 0.639844 0.362500 0.023438 0.047222
0 0.551562 0.683333 0.018750 0.033333
0 0.345313 0.856944 0.015625 0.036111
0 0.378906 0.659722 0.020313 0.041667
