0 0.209375 0.383333 0.065625 0.083333
0 0.529687 0.208333 0.031250 0.055556
0 0.462500 0.604167 0.034375 0.047222
0 0.980469 0.694444 0.032813 0.227778
0 0.494531 0.431944 0.029687 0.052778
0 0.491406 0.027778 0.039062 0.055556
0 0.673438 0.868056 0.031250 0.063889
0 0.594531 0.606944 0.029687 0.063889
0 0.471875 0.679167 0.031250 0.052778
0 0.280469 0.855556 0.020313 0.033333
0 0.338281 0.855556 0.020313 0.044444
0 0.253125 0.695833 0.021875 0.041667
0 0.469531 0.720833 0.026562 0.041667
0 0.371875 0.658333 0.021875 0.044444
0 0.543750 0.683333 0.018750 0.038889
