0 0.199219 0.379167 0.060937 0.075000
0 0.481250 0.027778 0.037500 0.055556
0 0.980469 0.679167 0.035937 0.230556
0 0.454688 0.600000 0.034375 0.061111
0 0.486719 0.430556 0.032813 0.066667
0 0.521094 0.198611 0.032813 0.052778
0 0.664844 0.861111 0.035937 0.066667
0 0.589063 0.595833 0.028125 0.058333
0 0.461719 0.673611 0.032813 0.047222
0 0.272656 0.858333 0.023438 0.044444
0 0.332813 0.855556 0.015625 0.033333
0 0.461719 0.718056 0.026562 0.052778
0 0.536719 0.676389 0.017188 0.036111
0 0.364844 0.654167 0.020313 0.041667
0 0.248438 0.697222 0.028125 0.050000
0 0.628125 0.354167 0.025000 0.036111
