0 0.189844 0.373611 0.060937 0.080556
0 0.479687 0.025000 0.050000 0.044444
0 0.512500 0.191667 0.034375 0.055556
0 0.479687 0.423611 0.025000 0.052778
0 0.975000 0.670833 0.046875 0.258333
0 0.449219 0.595833 0.032813 0.058333
0 0.582031 0.591667 0.039062 0.055556
0 0.659375 0.855556 0.031250 0.066667
0 0.457031 0.663889 0.029687 0.050000
0 0.263281 0.844444 0.029687 0.044444
0 0.322656 0.848611 0.020313 0.041667
0 0.453906 0.713889 0.026562 0.050000
0 0.347656 0.286111 0.020313 0.061111
0 0.485156 0.286111 0.017188 0.038889
0 0.357031 0.647222 0.020313 0.038889
0 0.528906 0.673611 0.020313 0.036111
0 0.242188 0.688889 0.031250 0.044444
0 0.619531 0.348611 0.023438 0.036111
