0 0.185938 0.363889 0.056250 0.083333
0 0.503906 0.184722 0.032813 0.047222
0 0.479687 0.277778 0.018750 0.033333
0 0.468750 0.020833 0.046875 0.041667
0 0.441406 0.586111 0.035937 0.055556
0 0.567187 0.522222 0.015625 0.027778
0 0.574219 0.587500 0.035937 0.058333
0 0.975781 0.659722 0.045312 0.269444
0 0.653906 0.850000 0.039062 0.066667
0 0.450781 0.659722 0.029687 0.052778
0 0.259375 0.845833 0.021875 0.041667
0 0.316406 0.843056 0.017188 0.036111
0 0.519531 0.665278 0.023438 0.041667
0 0.475781 0.420833 0.029687 0.063889
0 0.447656 0.705556 0.029687 0.050000
0 0.234375 0.677778 0.025000 0.033333
0 0.341406 0.281944 0.020313 0.058333
