0 0.177344 0.361111 0.060937 0.077778
0 0.499219 0.183333 0.026562 0.044444
0 0.471875 0.279167 0.021875 0.030556
0 0.467187 0.406944 0.028125 0.052778
0 0.574219 0.454167 0.026562 0.030556
0 0.975000 0.643056 0.046875 0.252778
0 0.647656 0.844444 0.035937 0.061111
0 0.436719 0.584722 0.032813 0.058333
0 0.567969 0.586111 0.026562 0.050000
0 0.443750 0.659722 0.031250 0.052778
0 0.252344 0.841667 0.020313 0.027778
0 0.442188 0.701389 0.025000 0.047222
0 0.334375 0.281944 0.021875 0.063889
0 0.515625 0.659722 0.018750 0.030556
0 0.311719 0.841667 0.017188 0.033333
0 0.343750 0.638889 0.021875 0.033333
0 0.226562 0.679167 0.028125 0.047222
0 0.903125 0.581944 0.031250 0.058333
