0 0.169531 0.356944 0.051562 0.086111
0 0.243750 0.841667 0.028125 0.038889
0 0.459375 0.405556 0.028125 0.061111
0 0.428906 0.580556 0.032813 0.061111
0 0.436719 0.655556 0.029687 0.050000
0 0.491406 0.179167 0.032813 0.052778
0 0.971094 0.636111 0.054688 0.294444
0 0.639844 0.834722 0.029687 0.063889
0 0.553125 0.513889 0.015625 0.038889
0 0.558594 0.580556 0.035937 0.061111
0 0.505469 0.656944 0.020313 0.047222
0 0.432031 0.702778 0.026562 0.044444
0 0.462500 0.272222 0.015625 0.027778
0 0.456250 0.016667 0.040625 0.033333
0 0.216406 0.680556 0.029687 0.050000
0 0.326562 0.275000 0.021875 0.050000
0 0.302344 0.843056 0.017188 0.036111
0 0.896094 0.576389 0.026562 0.058333
