0 0.164062 0.355556 0.056250 0.077778
0 0.233594 0.838889 0.026562 0.038889
0 0.292969 0.840278 0.023438 0.036111
0 0.424219 0.572222 0.032813 0.055556
0 0.430469 0.651389 0.029687 0.052778
0 0.552344 0.581944 0.026562 0.069444
0 0.967187 0.631944 0.062500 0.269444
0 0.479687 0.170833 0.040625 0.047222
0 0.316406 0.262500 0.017188 0.041667
0 0.453906 0.406944 0.023438 0.058333
0 0.457031 0.265278 0.014063 0.030556
0 0.633594 0.838889 0.032813 0.066667
0 0.425000 0.697222 0.025000 0.050000
0 0.890625 0.573611 0.028125 0.058333
