0 0.160156 0.345833 0.057813 0.075000
0 0.479687 0.169444 0.025000 0.061111
0 0.969531 0.593056 0.057813 0.247222
0 0.628125 0.829167 0.031250 0.052778
0 0.416406 0.562500 0.029687 0.058333
0 0.426563 0.641667 0.028125 0.055556
0 0.548438 0.568056 0.031250 0.052778
0 0.559375 0.434722 0.028125 0.047222
0 0.545312 0.502778 0.021875 0.027778
0 0.444531 0.394444 0.029687 0.061111
0 0.453906 0.255556 0.014063 0.033333
0 0.232813 0.831944 0.018750 0.047222
0 0.293750 0.830556 0.018750 0.033333
0 0.420312 0.687500 0.028125 0.047222
0 0.882031 0.566667 0.029687 0.066667
0 0.205469 0.668056 0.032813 0.047222
