0 0.157812 0.329167 0.056250 0.097222
0 0.446094 0.380556 0.029687 0.050000
0 0.477344 0.145833 0.026562 0.052778
0 0.448437 0.238889 0.018750 0.038889
0 0.557031 0.415278 0.029687 0.058333
0 0.539844 0.483333 0.014063 0.038889
0 0.546094 0.554167 0.032813 0.063889
0 0.414844 0.551389 0.035937 0.052778
0 0.424219 0.631944 0.029687 0.052778
0 0.490625 0.627778 0.015625 0.027778
0 0.229687 0.813889 0.018750 0.027778
0 0.288281 0.818056 0.017188 0.041667
0 0.628125 0.811111 0.028125 0.066667
0 0.968750 0.570833 0.059375 0.275000
0 0.420312 0.673611 0.021875 0.047222
0 0.203906 0.652778 0.029687 0.050000
0 0.884375 0.544444 0.028125 0.055556
