0 0.157031 0.305556 0.060937 0.072222
0 0.310937 0.215278 0.015625 0.041667
0 0.478125 0.129167 0.025000 0.052778
0 0.447656 0.230556 0.017188 0.033333
0 0.447656 0.355556 0.023438 0.055556
0 0.555469 0.405556 0.029687 0.044444
0 0.539062 0.463889 0.015625 0.044444
0 0.547656 0.538889 0.023438 0.044444
0 0.413281 0.529167 0.035937 0.058333
0 0.421094 0.612500 0.032813 0.047222
0 0.630469 0.795833 0.029687 0.063889
0 0.971875 0.537500 0.053125 0.269444
0 0.228906 0.800000 0.020313 0.033333
0 0.289844 0.800000 0.014063 0.027778
0 0.417969 0.659722 0.023438 0.047222
0 0.883594 0.529167 0.029687 0.058333
0 0.202344 0.633333 0.026562 0.050000
