0 0.272656 0.102778 0.020313 0.050000
0 0.304688 0.094444 0.028125 0.044444
0 0.424219 0.084722 0.032813 0.052778
0 0.500000 0.019444 0.028125 0.038889
0 0.668750 0.029167 0.040625 0.058333
0 0.307031 0.283333 0.035937 0.061111
0 0.412500 0.361111 0.037500 0.066667
0 0.389062 0.508333 0.046875 0.077778
0 0.686719 0.515278 0.048438 0.091667
0 0.733594 0.655556 0.042188 0.077778
0 0.477344 0.725000 0.042188 0.105556
0 0.315625 0.188889 0.031250 0.061111
0 0.784375 0.648611 0.025000 0.063889
0 0.389844 0.693056 0.023438 0.047222
0 0.966406 0.276389 0.020313 0.041667
0 0.385937 0.133333 0.034375 0.050000
0 0.441406 0.538889 0.026562 0.050000
