0 0.281250 0.111111 0.021875 0.033333
0 0.312500 0.102778 0.031250 0.050000
0 0.427344 0.098611 0.042188 0.063889
0 0.307812 0.297222 0.028125 0.055556
0 0.413281 0.379167 0.023438 0.063889
0 0.389062 0.526389 0.040625 0.075000
0 0.471094 0.740278 0.045312 0.086111
0 0.685937 0.530556 0.040625 0.077778
0 0.732031 0.683333 0.029687 0.072222
0 0.671875 0.045833 0.037500 0.069444
0 0.503125 0.041667 0.031250 0.061111
0 0.317969 0.202778 0.032813 0.055556
0 0.392969 0.705556 0.020313 0.038889
0 0.389844 0.147222 0.032813 0.055556
0 0.443750 0.556944 0.028125 0.047222
0 0.785937 0.665278 0.025000 0.052778
