0 0.203125 0.088889 0.050000 0.083333
0 0.428125 0.033333 0.050000 0.055556
0 0.457031 0.622222 0.054688 0.105556
0 0.549219 0.786111 0.023438 0.077778
0 0.208594 0.618056 0.039062 0.063889
0 0.104688 0.894444 0.068750 0.127778
0 0.164844 0.388889 0.042188 0.050000
0 0.076563 0.183333 0.043750 0.055556
0 0.053125 0.588889 0.059375 0.094444
0 0.614062 0.784722 0.037500 0.075000
0 0.514062 0.530556 0.028125 0.050000
0 0.099219 0.095833 0.029687 0.047222
0 0.868750 0.376389 0.021875 0.036111
0 0.505469 0.620833 0.026562 0.047222
