0 0.118750 0.080556 0.043750 0.066667
0 0.351562 0.033333 0.046875 0.066667
0 0.382812 0.658333 0.053125 0.100000
0 0.125781 0.652778 0.048438 0.061111
0 0.496094 0.820833 0.032813 0.086111
0 0.459375 0.548611 0.018750 0.052778
0 0.564844 0.813889 0.029687 0.072222
0 0.079687 0.420833 0.043750 0.069444
0 0.831250 0.386111 0.021875 0.044444
0 0.054688 0.840278 0.025000 0.052778
0 0.238281 0.033333 0.035937 0.061111
0 0.126562 0.279167 0.015625 0.025000
0 0.355469 0.131944 0.017188 0.041667
0 0.294531 0.204167 0.020313 0.041667
0 0.447656 0.648611 0.029687 0.052778
