0 0.934375 0.269444 0.012500 0.022222
0 0.572656 0.418056 0.020313 0.041667
0 0.380469 0.248611 0.032813 0.069444
0 0.373437 0.044444 0.025000 0.072222
0 0.335938 0.351389 0.031250 0.069444
0 0.310937 0.469444 0.021875 0.038889
0 0.034375 0.412500 0.018750 0.036111
0 0.051562 0.659722 0.025000 0.036111
0 0.367969 0.634722 0.020313 0.047222
0 0.497656 0.325000 0.023438 0.050000
0 0.739844 0.258333 0.010937 0.022222
0 0.575781 0.134722 0.010937 0.025000
0 0.849219 0.286111 0.010937 0.022222
0 0.879687 0.281944 0.012500 0.025000
0 0.788281 0.413889 0.010937 0.022222
0 0.594531 0.727778 0.010937 0.022222
0 0.540625 0.229167 0.012500 0.025000
0 0.626563 0.418056 0.012500 0.025000
0 0.758594 0.418056 0.007812 0.013889
0 0.893750 0.416667 0.009375 0.016667
0 0.969531 0.408333 0.007812 0.016667
0 0.989062 0.430556 0.009375 0.016667
0 0.666406 0.394444 0.010937 0.022222
0 0.624219 0.691667 0.007812 0.016667
0 0.321094 0.605556 0.023438 0.050000
