0 0.361719 0.254167 0.032813 0.058333
0 0.314063 0.352778 0.028125 0.072222
0 0.029687 0.670833 0.025000 0.052778
0 0.490625 0.327778 0.015625 0.044444
0 0.544531 0.229167 0.014063 0.030556
0 0.946094 0.272222 0.010937 0.027778
0 0.570312 0.423611 0.025000 0.036111
0 0.747656 0.259722 0.014063 0.025000
0 0.632812 0.422222 0.012500 0.022222
0 0.862500 0.286111 0.009375 0.016667
0 0.353125 0.650000 0.025000 0.050000
0 0.355469 0.047222 0.023438 0.038889
0 0.667969 0.390278 0.026562 0.047222
0 0.798438 0.418056 0.006250 0.025000
0 0.904687 0.415278 0.006250 0.019444
0 0.598437 0.737500 0.015625 0.025000
0 0.022656 0.415278 0.023438 0.052778
0 0.514844 0.209722 0.010937 0.019444
0 0.580469 0.134722 0.010937 0.019444
0 0.889062 0.287500 0.009375 0.019444
0 0.767188 0.419444 0.009375 0.016667
0 0.627344 0.700000 0.007812 0.016667
0 0.300000 0.486111 0.015625 0.050000
0 0.310937 0.615278 0.018750 0.047222
