0 0.342969 0.040278 0.026562 0.041667
0 0.347656 0.248611 0.035937 0.075000
0 0.300000 0.356944 0.031250 0.075000
0 0.491406 0.319444 0.020313 0.044444
0 0.570312 0.425000 0.021875 0.044444
0 0.551562 0.223611 0.015625 0.019444
0 0.960938 0.263889 0.012500 0.022222
0 0.677344 0.388889 0.010937 0.022222
0 0.668750 0.369444 0.009375 0.027778
0 0.757812 0.252778 0.012500 0.027778
0 0.903906 0.288889 0.014063 0.027778
0 0.807813 0.412500 0.006250 0.019444
0 0.342187 0.654167 0.015625 0.041667
0 0.602344 0.740278 0.010937 0.025000
0 0.015625 0.676389 0.028125 0.052778
0 0.634375 0.419444 0.009375 0.022222
0 0.633594 0.702778 0.007812 0.016667
0 0.917188 0.416667 0.009375 0.016667
0 0.873437 0.284722 0.009375 0.019444
0 0.775781 0.419444 0.007812 0.016667
0 0.519531 0.204167 0.010937 0.019444
0 0.303906 0.618056 0.020313 0.047222
