0 0.340625 0.236111 0.040625 0.072222
0 0.289062 0.344444 0.031250 0.077778
0 0.496875 0.312500 0.018750 0.058333
0 0.574219 0.419444 0.023438 0.050000
0 0.766406 0.243056 0.014063 0.025000
0 0.554688 0.219444 0.015625 0.033333
0 0.977344 0.262500 0.014063 0.025000
0 0.885938 0.276389 0.009375 0.025000
0 0.817969 0.400000 0.007812 0.016667
0 0.339062 0.659722 0.025000 0.052778
0 0.644531 0.413889 0.014063 0.027778
0 0.523438 0.190278 0.012500 0.025000
0 0.686719 0.387500 0.010937 0.030556
0 0.786719 0.411111 0.007812 0.022222
0 0.610938 0.737500 0.015625 0.019444
0 0.008594 0.677778 0.014063 0.044444
0 0.916406 0.279167 0.010937 0.019444
0 0.642188 0.702778 0.009375 0.016667
0 0.336719 0.022222 0.029687 0.038889
0 0.301563 0.615278 0.021875 0.041667
0 0.084375 0.626389 0.018750 0.036111
0 0.285156 0.480556 0.017188 0.050000
