0 0.328906 0.212500 0.039062 0.091667
0 0.278906 0.330556 0.032813 0.083333
0 0.499219 0.295833 0.029687 0.052778
0 0.578125 0.408333 0.025000 0.050000
0 0.777344 0.230556 0.010937 0.027778
0 0.653906 0.405556 0.014063 0.027778
0 0.617188 0.740278 0.012500 0.030556
0 0.334375 0.654167 0.025000 0.058333
0 0.531250 0.180556 0.012500 0.033333
0 0.562500 0.202778 0.012500 0.022222
0 0.784375 0.355556 0.012500 0.016667
0 0.901563 0.269444 0.012500 0.027778
0 0.695312 0.372222 0.021875 0.038889
0 0.649219 0.697222 0.010937 0.027778
0 0.831250 0.401389 0.009375 0.019444
0 0.078125 0.623611 0.025000 0.041667
0 0.298438 0.606944 0.018750 0.036111
0 0.930469 0.269444 0.010937 0.022222
0 0.992188 0.255556 0.012500 0.022222
0 0.279687 0.473611 0.018750 0.052778
0 0.428125 0.711111 0.021875 0.044444
