0 0.320312 0.197222 0.040625 0.088889
0 0.265625 0.323611 0.034375 0.091667
0 0.501563 0.287500 0.021875 0.052778
0 0.586719 0.401389 0.026562 0.052778
0 0.338281 0.648611 0.020313 0.041667
0 0.790625 0.225000 0.015625 0.027778
0 0.950000 0.262500 0.012500 0.019444
0 0.569531 0.198611 0.014063 0.030556
0 0.664844 0.401389 0.014063 0.025000
0 0.795312 0.348611 0.009375 0.025000
0 0.812500 0.404167 0.012500 0.025000
0 0.962500 0.401389 0.009375 0.025000
0 0.705469 0.368056 0.020313 0.041667
0 0.629687 0.741667 0.015625 0.027778
0 0.075000 0.622222 0.025000 0.044444
0 0.917188 0.265278 0.009375 0.019444
0 0.845313 0.398611 0.009375 0.019444
0 0.662500 0.702778 0.009375 0.016667
0 0.295312 0.322222 0.021875 0.055556
0 0.428125 0.712500 0.025000 0.041667
