0 0.315625 0.186111 0.050000 0.105556
0 0.259375 0.311111 0.031250 0.094444
0 0.503906 0.295833 0.026562 0.058333
0 0.595313 0.405556 0.028125 0.050000
0 0.550000 0.168056 0.012500 0.013889
0 0.806250 0.219444 0.015625 0.027778
0 0.675000 0.402778 0.015625 0.027778
0 0.717969 0.369444 0.020313 0.044444
0 0.966406 0.256944 0.014063 0.025000
0 0.579688 0.193056 0.012500 0.025000
0 0.334375 0.665278 0.025000 0.058333
0 0.639062 0.747222 0.015625 0.033333
0 0.809375 0.347222 0.006250 0.022222
0 0.860938 0.398611 0.012500 0.025000
0 0.935156 0.259722 0.010937 0.025000
0 0.068750 0.630556 0.025000 0.044444
0 0.289062 0.311111 0.028125 0.055556
0 0.278125 0.473611 0.018750 0.058333
0 0.297656 0.615278 0.020313 0.047222
0 0.431250 0.730556 0.025000 0.038889
