0 0.316406 0.173611 0.051562 0.097222
0 0.253906 0.315278 0.032813 0.097222
0 0.514062 0.308333 0.025000 0.055556
0 0.610938 0.413889 0.025000 0.050000
0 0.594531 0.195833 0.014063 0.036111
0 0.826562 0.219444 0.015625 0.033333
0 0.953125 0.256944 0.012500 0.025000
0 0.691406 0.408333 0.014063 0.022222
0 0.696875 0.440278 0.009375 0.025000
0 0.336719 0.693056 0.026562 0.069444
0 0.653125 0.762500 0.015625 0.025000
0 0.731250 0.366667 0.025000 0.050000
0 0.826562 0.348611 0.012500 0.019444
0 0.881250 0.397222 0.018750 0.027778
0 0.635938 0.084722 0.012500 0.019444
0 0.064062 0.645833 0.025000 0.047222
0 0.562500 0.170833 0.012500 0.025000
0 0.289062 0.323611 0.031250 0.075000
0 0.301563 0.629167 0.018750 0.041667
0 0.437500 0.756944 0.025000 0.047222
0 0.273438 0.476389 0.018750 0.041667
