0 0.316406 0.175000 0.048438 0.105556
0 0.253906 0.327778 0.035937 0.105556
0 0.525000 0.316667 0.031250 0.061111
0 0.632031 0.425000 0.029687 0.044444
0 0.343750 0.715278 0.034375 0.063889
0 0.671875 0.769444 0.012500 0.027778
0 0.612500 0.193056 0.015625 0.036111
0 0.578906 0.166667 0.014063 0.033333
0 0.849219 0.220833 0.010937 0.036111
0 0.712500 0.405556 0.015625 0.027778
0 0.716406 0.443056 0.017188 0.025000
0 0.849219 0.354167 0.007812 0.025000
0 0.983594 0.258333 0.010937 0.022222
0 0.756250 0.372222 0.021875 0.044444
0 0.709375 0.729167 0.009375 0.019444
0 0.869531 0.408333 0.010937 0.016667
0 0.904687 0.402778 0.012500 0.016667
0 0.290625 0.337500 0.034375 0.086111
0 0.450000 0.781944 0.028125 0.047222
