0 0.320312 0.166667 0.059375 0.105556
0 0.249219 0.325000 0.032813 0.105556
0 0.546875 0.315278 0.028125 0.052778
0 0.657031 0.423611 0.032813 0.047222
0 0.353906 0.729167 0.032813 0.069444
0 0.637500 0.184722 0.012500 0.025000
0 0.603125 0.156944 0.012500 0.025000
0 0.882812 0.206944 0.015625 0.030556
0 0.738281 0.404167 0.017188 0.030556
0 0.740625 0.441667 0.018750 0.033333
0 0.783594 0.368056 0.023438 0.047222
0 0.698438 0.773611 0.018750 0.030556
0 0.900000 0.402778 0.009375 0.027778
0 0.602344 0.630556 0.017188 0.038889
0 0.289844 0.323611 0.039062 0.069444
0 0.938281 0.395833 0.007812 0.013889
0 0.735938 0.731944 0.012500 0.019444
