0 0.336719 0.145833 0.057813 0.113889
0 0.273438 0.298611 0.053125 0.086111
0 0.583594 0.297222 0.029687 0.066667
0 0.638281 0.145833 0.014063 0.030556
0 0.672656 0.172222 0.014063 0.033333
0 0.379688 0.734722 0.037500 0.069444
0 0.693750 0.418056 0.034375 0.058333
0 0.781250 0.416667 0.018750 0.066667
0 0.928125 0.193056 0.015625 0.036111
0 0.824219 0.355556 0.023438 0.050000
0 0.985156 0.387500 0.014063 0.030556
0 0.732812 0.773611 0.015625 0.025000
0 0.632812 0.636111 0.025000 0.038889
0 0.773438 0.734722 0.012500 0.025000
0 0.312500 0.322222 0.037500 0.088889
0 0.492188 0.809722 0.028125 0.052778
0 0.432812 0.819444 0.034375 0.050000
