0 0.354687 0.116667 0.059375 0.122222
0 0.293750 0.281944 0.056250 0.097222
0 0.404687 0.727778 0.031250 0.077778
0 0.621094 0.277778 0.026562 0.072222
0 0.735156 0.408333 0.032813 0.061111
0 0.825781 0.390278 0.017188 0.030556
0 0.983594 0.180556 0.017188 0.038889
0 0.678125 0.129167 0.015625 0.025000
0 0.714063 0.158333 0.015625 0.038889
0 0.776563 0.776389 0.012500 0.025000
0 0.870313 0.345833 0.025000 0.047222
0 0.010156 0.713889 0.020313 0.055556
0 0.522656 0.805556 0.035937 0.072222
0 0.330469 0.301389 0.039062 0.102778
0 0.457813 0.813889 0.040625 0.055556
