0 0.368750 0.065278 0.062500 0.125000
0 0.292187 0.254167 0.053125 0.113889
0 0.024219 0.709722 0.032813 0.069444
0 0.425781 0.725000 0.032813 0.083333
0 0.659375 0.245833 0.028125 0.075000
0 0.773438 0.381944 0.037500 0.063889
0 0.867969 0.377778 0.017188 0.027778
0 0.921094 0.336111 0.032813 0.055556
0 0.754687 0.138889 0.015625 0.027778
0 0.818750 0.779167 0.015625 0.025000
0 0.860156 0.733333 0.014063 0.022222
0 0.340625 0.263889 0.040625 0.083333
0 0.480469 0.818056 0.035937 0.058333
0 0.548438 0.801389 0.034375 0.069444
