0 0.368750 0.063889 0.065625 0.127778
0 0.286719 0.256944 0.057813 0.108333
0 0.042969 0.705556 0.032813 0.055556
0 0.442969 0.740278 0.035937 0.069444
0 0.749219 0.626389 0.017188 0.036111
0 0.814063 0.390278 0.037500 0.063889
0 0.700000 0.236111 0.040625 0.072222
0 0.796875 0.137500 0.012500 0.047222
0 0.918750 0.383333 0.021875 0.038889
0 0.800000 0.272222 0.015625 0.027778
0 0.863281 0.800000 0.020313 0.038889
0 0.909375 0.750000 0.012500 0.033333
0 0.339062 0.266667 0.043750 0.100000
0 0.500000 0.848611 0.037500 0.063889
0 0.571875 0.837500 0.037500 0.075000
