0 0.374219 0.080556 0.073438 0.144444
0 0.286719 0.288889 0.067187 0.127778
0 0.058594 0.730556 0.035937 0.061111
0 0.735156 0.252778 0.035937 0.077778
0 0.849219 0.130556 0.017188 0.027778
0 0.806250 0.108333 0.018750 0.038889
0 0.862500 0.415278 0.043750 0.063889
0 0.975000 0.416667 0.025000 0.083333
0 0.457031 0.788889 0.039062 0.077778
0 0.909375 0.831944 0.018750 0.047222
0 0.787500 0.663889 0.021875 0.044444
0 0.344531 0.293056 0.051562 0.097222
0 0.959375 0.776389 0.012500 0.025000
0 0.595313 0.897222 0.040625 0.077778
0 0.519531 0.898611 0.039062 0.063889
0 0.399219 0.500000 0.020313 0.077778
0 0.432031 0.559722 0.035937 0.086111
