0 0.382031 0.068056 0.076563 0.136111
0 0.298438 0.306944 0.068750 0.136111
0 0.079687 0.745833 0.037500 0.063889
0 0.021875 0.630556 0.037500 0.061111
0 0.767188 0.273611 0.034375 0.080556
0 0.895312 0.137500 0.025000 0.036111
0 0.853906 0.108333 0.017188 0.027778
0 0.911719 0.437500 0.057813 0.063889
0 0.478906 0.823611 0.035937 0.075000
0 0.618750 0.938889 0.037500 0.072222
0 0.832031 0.694444 0.020313 0.061111
0 0.359375 0.305556 0.050000 0.100000
0 0.963281 0.859722 0.017188 0.036111
0 0.424219 0.525000 0.023438 0.088889
0 0.455469 0.580556 0.039062 0.088889
0 0.545312 0.931944 0.046875 0.091667
