0 0.392969 0.077778 0.085938 0.155556
0 0.470313 0.040278 0.043750 0.080556
0 0.300000 0.311111 0.065625 0.150000
0 0.808594 0.281944 0.039062 0.086111
0 0.964063 0.455556 0.062500 0.094444
0 0.503906 0.847222 0.045312 0.094444
0 0.653906 0.958333 0.045312 0.077778
0 0.874219 0.709722 0.032813 0.058333
0 0.900000 0.105556 0.021875 0.033333
0 0.942969 0.134722 0.014063 0.025000
0 0.045312 0.634722 0.031250 0.047222
0 0.102344 0.751389 0.023438 0.052778
0 0.045312 0.191667 0.043750 0.061111
0 0.363281 0.315278 0.051562 0.102778
0 0.754687 0.522222 0.034375 0.050000
0 0.481250 0.590278 0.031250 0.086111
0 0.570312 0.952778 0.050000 0.088889
0 0.353125 0.172222 0.028125 0.061111
