0 0.300781 0.205556 0.048438 0.100000
0 0.085938 0.176389 0.056250 0.091667
0 0.020313 0.269444 0.037500 0.077778
0 0.225781 0.686111 0.026562 0.066667
0 0.078125 0.816667 0.028125 0.055556
0 0.522656 0.909722 0.017188 0.036111
0 0.549219 0.236111 0.042188 0.077778
0 0.882031 0.711111 0.035937 0.061111
0 0.944531 0.250000 0.107813 0.261111
0 0.616406 0.423611 0.023438 0.052778
0 0.419531 0.259722 0.039062 0.069444
0 0.576562 0.134722 0.037500 0.058333
0 0.617969 0.145833 0.029687 0.052778
0 0.175000 0.608333 0.028125 0.044444
