0 0.338281 0.230556 0.048438 0.100000
0 0.118750 0.193056 0.040625 0.052778
0 0.064062 0.291667 0.043750 0.077778
0 0.268750 0.687500 0.031250 0.052778
0 0.121875 0.820833 0.021875 0.058333
0 0.559375 0.916667 0.018750 0.038889
0 0.920312 0.725000 0.034375 0.055556
0 0.581250 0.251389 0.040625 0.075000
0 0.034375 0.762500 0.040625 0.058333
0 0.652344 0.434722 0.023438 0.052778
0 0.216406 0.613889 0.026562 0.044444
0 0.074219 0.701389 0.029687 0.047222
0 0.615625 0.147222 0.037500 0.066667
0 0.647656 0.155556 0.026562 0.050000
0 0.454688 0.275000 0.034375 0.072222
