0 0.370312 0.243056 0.043750 0.091667
0 0.106250 0.311111 0.043750 0.077778
0 0.153906 0.831944 0.029687 0.058333
0 0.298438 0.711111 0.021875 0.061111
0 0.592187 0.931944 0.018750 0.041667
0 0.612500 0.256944 0.037500 0.069444
0 0.953906 0.745833 0.032813 0.069444
0 0.073438 0.773611 0.037500 0.063889
0 0.023438 0.119444 0.031250 0.055556
0 0.679688 0.448611 0.025000 0.058333
0 0.485156 0.288889 0.039062 0.066667
0 0.643750 0.163889 0.037500 0.066667
0 0.676562 0.172222 0.021875 0.050000
0 0.157812 0.215278 0.043750 0.075000
0 0.247656 0.622222 0.026562 0.038889
0 0.107813 0.716667 0.031250 0.050000
