0 0.060937 0.144444 0.031250 0.055556
0 0.401562 0.259722 0.043750 0.091667
0 0.189844 0.229167 0.032813 0.052778
0 0.139844 0.334722 0.039062 0.069444
0 0.328906 0.723611 0.029687 0.069444
0 0.183594 0.845833 0.029687 0.052778
0 0.621094 0.941667 0.020313 0.038889
0 0.642188 0.277778 0.037500 0.077778
0 0.485938 0.840278 0.012500 0.036111
0 0.106250 0.787500 0.037500 0.069444
0 0.711719 0.462500 0.026562 0.058333
0 0.985156 0.762500 0.026562 0.063889
0 0.140625 0.737500 0.028125 0.058333
0 0.280469 0.638889 0.020313 0.044444
0 0.672656 0.179167 0.039062 0.063889
0 0.514844 0.305556 0.035937 0.066667
