0 0.099219 0.177778 0.039062 0.061111
0 0.225000 0.262500 0.034375 0.063889
0 0.435937 0.290278 0.043750 0.097222
0 0.177344 0.363889 0.039062 0.088889
0 0.362500 0.737500 0.025000 0.058333
0 0.219531 0.862500 0.026562 0.052778
0 0.653125 0.968056 0.025000 0.041667
0 0.673438 0.304167 0.040625 0.075000
0 0.746094 0.480556 0.023438 0.061111
0 0.145313 0.813889 0.028125 0.072222
0 0.549219 0.329167 0.032813 0.063889
0 0.315625 0.663889 0.025000 0.038889
0 0.181250 0.759722 0.028125 0.063889
0 0.707031 0.200000 0.045312 0.061111
0 0.740625 0.209722 0.034375 0.063889
