0 0.470313 0.312500 0.040625 0.097222
0 0.266406 0.294444 0.035937 0.055556
0 0.216406 0.388889 0.035937 0.072222
0 0.135156 0.208333 0.032813 0.055556
0 0.710156 0.320833 0.039062 0.075000
0 0.391406 0.768056 0.029687 0.069444
0 0.250781 0.883333 0.023438 0.050000
0 0.564844 0.644444 0.014063 0.033333
0 0.178906 0.829167 0.029687 0.058333
0 0.739062 0.222222 0.046875 0.072222
0 0.782031 0.230556 0.035937 0.066667
0 0.215625 0.772222 0.021875 0.055556
0 0.344531 0.686111 0.020313 0.038889
0 0.781250 0.509722 0.025000 0.058333
0 0.582812 0.355556 0.037500 0.066667
