0 0.281250 0.179167 0.028125 0.052778
0 0.419531 0.225000 0.054688 0.083333
0 0.621875 0.238889 0.046875 0.100000
0 0.364844 0.312500 0.035937 0.058333
0 0.012500 0.576389 0.025000 0.063889
0 0.314063 0.827778 0.037500 0.077778
0 0.532813 0.777778 0.025000 0.055556
0 0.386719 0.911111 0.023438 0.050000
0 0.946094 0.494444 0.032813 0.061111
0 0.871094 0.272222 0.048438 0.083333
0 0.730469 0.323611 0.035937 0.058333
0 0.235156 0.600000 0.035937 0.050000
0 0.346094 0.536111 0.017188 0.027778
0 0.350000 0.777778 0.025000 0.050000
