0 0.017969 0.556944 0.035937 0.069444
0 0.289062 0.162500 0.028125 0.063889
0 0.627344 0.209722 0.048438 0.102778
0 0.378125 0.290278 0.050000 0.086111
0 0.537500 0.755556 0.028125 0.061111
0 0.321875 0.808333 0.034375 0.072222
0 0.394531 0.895833 0.026562 0.047222
0 0.955469 0.473611 0.035937 0.075000
0 0.878906 0.244444 0.045312 0.077778
0 0.428125 0.197222 0.050000 0.083333
0 0.361719 0.756944 0.023438 0.041667
0 0.917188 0.133333 0.040625 0.066667
0 0.962500 0.138889 0.034375 0.066667
0 0.735938 0.302778 0.040625 0.066667
