0 0.013281 0.306944 0.026562 0.080556
0 0.021875 0.531944 0.034375 0.069444
0 0.295312 0.129167 0.028125 0.052778
0 0.430469 0.161111 0.048438 0.077778
0 0.630469 0.179167 0.045312 0.102778
0 0.384375 0.259722 0.053125 0.091667
0 0.326562 0.780556 0.040625 0.077778
0 0.399219 0.876389 0.026562 0.052778
0 0.542188 0.733333 0.025000 0.050000
0 0.958594 0.445833 0.035937 0.075000
0 0.884375 0.209722 0.043750 0.080556
0 0.921875 0.100000 0.046875 0.066667
0 0.248438 0.554167 0.031250 0.063889
0 0.740625 0.272222 0.037500 0.066667
