0 0.013281 0.265278 0.026562 0.091667
0 0.023438 0.498611 0.040625 0.069444
0 0.296094 0.086111 0.032813 0.044444
0 0.428125 0.097222 0.037500 0.055556
0 0.632031 0.123611 0.048438 0.091667
0 0.375000 0.194444 0.040625 0.061111
0 0.332031 0.738889 0.035937 0.072222
0 0.548438 0.700000 0.028125 0.061111
0 0.400781 0.844444 0.026562 0.050000
0 0.885156 0.169444 0.048438 0.077778
0 0.961719 0.412500 0.035937 0.063889
0 0.787500 0.606944 0.018750 0.041667
0 0.250000 0.512500 0.034375 0.075000
0 0.745313 0.233333 0.040625 0.061111
0 0.920312 0.059722 0.037500 0.069444
0 0.967969 0.066667 0.045312 0.066667
0 0.839844 0.420833 0.023438 0.047222
