0 0.011719 0.218056 0.023438 0.080556
0 0.023438 0.454167 0.034375 0.063889
0 0.327344 0.701389 0.035937 0.080556
0 0.542969 0.656944 0.032813 0.058333
0 0.632031 0.069444 0.042188 0.083333
0 0.884375 0.118056 0.040625 0.075000
0 0.382031 0.154167 0.048438 0.086111
0 0.430469 0.062500 0.051562 0.086111
0 0.296875 0.037500 0.025000 0.041667
0 0.402344 0.805556 0.026562 0.055556
0 0.364844 0.658333 0.029687 0.055556
0 0.845313 0.963889 0.018750 0.038889
0 0.961719 0.365278 0.029687 0.063889
0 0.065625 0.697222 0.028125 0.038889
0 0.839063 0.381944 0.025000 0.047222
0 0.091406 0.148611 0.045312 0.058333
0 0.078906 0.325000 0.029687 0.055556
0 0.785937 0.572222 0.018750 0.038889
0 0.700000 0.848611 0.015625 0.025000
0 0.685156 0.945833 0.020313 0.036111
