0 0.105469 0.133333 0.054688 0.111111
0 0.371875 0.176389 0.043750 0.091667
0 0.349219 0.277778 0.048438 0.116667
0 0.472656 0.340278 0.060937 0.108333
0 0.651563 0.351389 0.050000 0.058333
0 0.586719 0.561111 0.042188 0.100000
0 0.946094 0.425000 0.039062 0.100000
0 0.776563 0.793056 0.037500 0.069444
0 0.279687 0.445833 0.034375 0.080556
0 0.077344 0.556944 0.045312 0.063889
0 0.342187 0.597222 0.021875 0.044444
0 0.423438 0.566667 0.025000 0.044444
0 0.357812 0.477778 0.018750 0.044444
0 0.341406 0.912500 0.032813 0.091667
