0 0.139063 0.170833 0.046875 0.097222
0 0.100000 0.461111 0.065625 0.111111
0 0.089844 0.770833 0.051562 0.102778
0 0.366406 0.744444 0.051562 0.088889
0 0.521875 0.670833 0.028125 0.058333
0 0.571875 0.440278 0.034375 0.075000
0 0.644531 0.186111 0.023438 0.050000
0 0.696875 0.095833 0.028125 0.047222
0 0.667188 0.159722 0.021875 0.041667
0 0.685156 0.594444 0.026562 0.044444
0 0.678906 0.791667 0.032813 0.061111
0 0.968750 0.598611 0.021875 0.041667
0 0.988281 0.758333 0.020313 0.038889
0 0.955469 0.966667 0.029687 0.044444
0 0.446875 0.954167 0.028125 0.041667
0 0.882031 0.170833 0.023438 0.047222
0 0.646875 0.459722 0.012500 0.030556
0 0.850000 0.565278 0.021875 0.047222
0 0.799219 0.559722 0.023438 0.047222
0 0.856250 0.777778 0.021875 0.033333
0 0.787500 0.709722 0.015625 0.036111
0 0.642188 0.770833 0.018750 0.036111
0 0.501563 0.851389 0.018750 0.041667
