0 0.022656 0.063889 0.045312 0.077778
0 0.237500 0.175000 0.059375 0.088889
0 0.203125 0.465278 0.059375 0.125000
0 0.192969 0.776389 0.051562 0.102778
0 0.461719 0.750000 0.048438 0.094444
0 0.612500 0.672222 0.028125 0.055556
0 0.662500 0.447222 0.028125 0.066667
0 0.734375 0.193056 0.025000 0.052778
0 0.785156 0.095833 0.029687 0.047222
0 0.971875 0.172222 0.018750 0.050000
0 0.735156 0.465278 0.014063 0.030556
0 0.773438 0.598611 0.028125 0.047222
0 0.769531 0.797222 0.029687 0.055556
0 0.939063 0.568056 0.021875 0.047222
0 0.536719 0.951389 0.023438 0.036111
