0 0.110937 0.070833 0.056250 0.086111
0 0.058594 0.343056 0.048438 0.080556
0 0.021875 0.563889 0.043750 0.083333
0 0.029687 0.801389 0.046875 0.080556
0 0.089844 0.744444 0.042188 0.066667
0 0.284375 0.773611 0.046875 0.097222
0 0.332813 0.180556 0.046875 0.088889
0 0.295312 0.466667 0.059375 0.122222
0 0.549219 0.745833 0.045312 0.091667
0 0.749219 0.451389 0.026562 0.075000
0 0.821875 0.194444 0.028125 0.055556
0 0.873437 0.100000 0.025000 0.044444
0 0.846094 0.173611 0.026562 0.052778
0 0.819531 0.470833 0.014063 0.030556
0 0.700000 0.677778 0.028125 0.055556
0 0.857812 0.601389 0.025000 0.047222
0 0.857031 0.802778 0.029687 0.050000
0 0.626563 0.956944 0.021875 0.030556
0 0.679688 0.861111 0.018750 0.044444
0 0.719531 0.858333 0.017188 0.033333
