0 0.205469 0.080556 0.048438 0.083333
0 0.146875 0.351389 0.050000 0.075000
0 0.109375 0.559722 0.043750 0.091667
0 0.384375 0.477778 0.053125 0.111111
0 0.415625 0.188889 0.050000 0.094444
0 0.368750 0.779167 0.050000 0.097222
0 0.175781 0.748611 0.035937 0.058333
0 0.117188 0.793056 0.050000 0.097222
0 0.635938 0.756944 0.043750 0.097222
0 0.780469 0.680556 0.032813 0.061111
0 0.831250 0.461111 0.031250 0.072222
0 0.900781 0.200000 0.020313 0.055556
0 0.955469 0.108333 0.023438 0.044444
0 0.925000 0.177778 0.025000 0.038889
0 0.900781 0.477778 0.014063 0.027778
0 0.941406 0.605556 0.029687 0.050000
0 0.936719 0.809722 0.029687 0.052778
0 0.706250 0.959722 0.028125 0.025000
0 0.460156 0.227778 0.029687 0.083333
