0 0.284375 0.101389 0.046875 0.075000
0 0.496875 0.205556 0.043750 0.083333
0 0.461719 0.493056 0.057813 0.119444
0 0.447656 0.793056 0.048438 0.102778
0 0.714063 0.776389 0.046875 0.102778
0 0.854688 0.700000 0.028125 0.055556
0 0.907031 0.473611 0.029687 0.080556
0 0.976562 0.216667 0.025000 0.050000
0 0.191406 0.579167 0.054688 0.075000
0 0.191406 0.816667 0.057813 0.072222
0 0.225000 0.365278 0.043750 0.080556
0 0.253906 0.759722 0.035937 0.063889
0 0.832031 0.879167 0.023438 0.047222
0 0.538281 0.241667 0.026562 0.072222
