0 0.362500 0.131944 0.043750 0.075000
0 0.567187 0.234722 0.043750 0.097222
0 0.477344 0.033333 0.070312 0.066667
0 0.304688 0.397222 0.046875 0.077778
0 0.537500 0.518056 0.065625 0.125000
0 0.521875 0.823611 0.046875 0.108333
0 0.261719 0.606944 0.042188 0.080556
0 0.273438 0.834722 0.050000 0.075000
0 0.331250 0.777778 0.031250 0.055556
0 0.782031 0.795833 0.048438 0.091667
0 0.921094 0.718056 0.035937 0.080556
0 0.978906 0.487500 0.029687 0.058333
0 0.905469 0.902778 0.020313 0.044444
0 0.610938 0.270833 0.031250 0.080556
