0 0.429688 0.162500 0.043750 0.080556
0 0.372656 0.422222 0.039062 0.077778
0 0.635156 0.263889 0.045312 0.094444
0 0.542969 0.048611 0.067187 0.097222
0 0.604688 0.550000 0.059375 0.122222
0 0.591406 0.845833 0.048438 0.102778
0 0.850781 0.823611 0.048438 0.102778
0 0.970313 0.931944 0.025000 0.047222
0 0.331250 0.640278 0.043750 0.080556
0 0.346875 0.868056 0.050000 0.086111
0 0.400781 0.809722 0.029687 0.052778
0 0.982812 0.744444 0.025000 0.072222
0 0.574219 0.616667 0.035937 0.077778
0 0.677344 0.295833 0.026562 0.080556
