0 0.485938 0.201389 0.046875 0.080556
0 0.596875 0.072222 0.062500 0.111111
0 0.692187 0.306944 0.043750 0.091667
0 0.732812 0.322222 0.021875 0.050000
0 0.660156 0.580556 0.057813 0.111111
0 0.645312 0.881944 0.050000 0.097222
0 0.908594 0.855556 0.039062 0.100000
0 0.387500 0.670833 0.040625 0.075000
0 0.397656 0.893056 0.051562 0.075000
0 0.456250 0.841667 0.031250 0.050000
0 0.426563 0.463889 0.046875 0.088889
0 0.046875 0.594444 0.025000 0.066667
0 0.349219 0.455556 0.020313 0.044444
0 0.628125 0.645833 0.034375 0.069444
0 0.623437 0.730556 0.046875 0.055556
0 0.527344 0.601389 0.026562 0.075000
