0 0.529687 0.240278 0.040625 0.080556
0 0.735938 0.338889 0.046875 0.094444
0 0.704688 0.620833 0.053125 0.125000
0 0.692969 0.915278 0.048438 0.097222
0 0.639062 0.119444 0.065625 0.116667
0 0.472656 0.500000 0.042188 0.083333
0 0.432031 0.709722 0.039062 0.075000
0 0.443750 0.934722 0.040625 0.075000
0 0.498437 0.886111 0.037500 0.072222
0 0.952344 0.888889 0.045312 0.088889
0 0.570312 0.052778 0.046875 0.100000
0 0.092969 0.634722 0.029687 0.063889
0 0.562500 0.643056 0.040625 0.069444
0 0.668750 0.773611 0.046875 0.052778
0 0.773438 0.368056 0.031250 0.069444
0 0.396094 0.493056 0.023438 0.047222
0 0.043750 0.888889 0.034375 0.077778
