0 0.571875 0.273611 0.040625 0.075000
0 0.681250 0.148611 0.059375 0.113889
0 0.774219 0.370833 0.048438 0.080556
0 0.744531 0.650000 0.054688 0.111111
0 0.734375 0.944444 0.046875 0.088889
0 0.985938 0.919444 0.021875 0.088889
0 0.471094 0.740278 0.035937 0.075000
0 0.514062 0.530556 0.040625 0.083333
0 0.482812 0.956944 0.037500 0.080556
0 0.539062 0.912500 0.037500 0.063889
0 0.610938 0.077778 0.043750 0.094444
0 0.136719 0.663889 0.026562 0.066667
0 0.086719 0.918056 0.032813 0.080556
0 0.605469 0.669444 0.032813 0.066667
0 0.710938 0.715278 0.028125 0.069444
0 0.707812 0.800000 0.043750 0.050000
0 0.817969 0.402778 0.029687 0.083333
0 0.435156 0.527778 0.023438 0.050000
