0 0.612500 0.293056 0.040625 0.075000
0 0.554688 0.554167 0.040625 0.091667
0 0.813281 0.386111 0.048438 0.077778
0 0.784375 0.673611 0.043750 0.113889
0 0.772656 0.955556 0.042188 0.083333
0 0.515625 0.756944 0.046875 0.075000
0 0.525781 0.968056 0.045312 0.058333
0 0.580469 0.930556 0.029687 0.050000
0 0.650000 0.104167 0.043750 0.097222
0 0.722656 0.162500 0.057813 0.108333
0 0.177344 0.686111 0.029687 0.066667
0 0.474219 0.545833 0.020313 0.047222
0 0.128125 0.931944 0.034375 0.075000
0 0.646094 0.687500 0.032813 0.058333
0 0.752344 0.727778 0.035937 0.061111
0 0.853125 0.415278 0.031250 0.069444
0 0.748437 0.820833 0.046875 0.052778
