0 0.696875 0.119444 0.037500 0.100000
0 0.764844 0.175000 0.060937 0.116667
0 0.657031 0.304167 0.039062 0.069444
0 0.856250 0.404167 0.040625 0.086111
0 0.826562 0.676389 0.053125 0.102778
0 0.814063 0.962500 0.053125 0.069444
0 0.555469 0.766667 0.042188 0.077778
0 0.596875 0.562500 0.043750 0.080556
0 0.623437 0.945833 0.034375 0.058333
0 0.735156 0.027778 0.057813 0.055556
0 0.219531 0.695833 0.026562 0.063889
0 0.170313 0.944444 0.034375 0.083333
0 0.796875 0.738889 0.037500 0.055556
0 0.791406 0.833333 0.045312 0.055556
0 0.895312 0.434722 0.031250 0.080556
