0 0.257812 0.066667 0.053125 0.111111
0 0.367188 0.147222 0.037500 0.066667
0 0.539844 0.418056 0.048438 0.108333
0 0.585156 0.401389 0.051562 0.102778
0 0.472656 0.601389 0.054688 0.119444
0 0.414062 0.901389 0.065625 0.113889
0 0.946094 0.941667 0.060937 0.111111
0 0.259375 0.502778 0.040625 0.088889
0 0.052344 0.772222 0.042188 0.088889
0 0.154688 0.033333 0.046875 0.061111
0 0.021875 0.119444 0.043750 0.088889
0 0.020313 0.038889 0.040625 0.077778
0 0.128906 0.330556 0.051562 0.105556
0 0.632812 0.593056 0.021875 0.041667
0 0.391406 0.791667 0.029687 0.066667
0 0.471094 0.419444 0.054688 0.094444
