0 0.078906 0.045833 0.039062 0.063889
0 0.071875 0.119444 0.043750 0.083333
0 0.019531 0.198611 0.039062 0.091667
0 0.213281 0.036111 0.039062 0.061111
0 0.318750 0.066667 0.056250 0.116667
0 0.425000 0.151389 0.028125 0.058333
0 0.603906 0.422222 0.042188 0.100000
0 0.646094 0.406944 0.048438 0.102778
0 0.530469 0.602778 0.064062 0.127778
0 0.314844 0.509722 0.045312 0.086111
0 0.107813 0.775000 0.034375 0.077778
0 0.475000 0.902778 0.075000 0.094444
0 0.988281 0.934722 0.020313 0.075000
0 0.014063 0.594444 0.028125 0.105556
0 0.687500 0.597222 0.021875 0.044444
0 0.188281 0.334722 0.048438 0.097222
0 0.526563 0.420833 0.050000 0.091667
0 0.448437 0.794444 0.031250 0.072222
