0 0.660156 0.425000 0.039062 0.100000
0 0.700000 0.411111 0.046875 0.105556
0 0.585156 0.598611 0.070312 0.119444
0 0.531250 0.901389 0.059375 0.091667
0 0.165625 0.779167 0.037500 0.080556
0 0.373437 0.513889 0.037500 0.083333
0 0.067969 0.595833 0.042188 0.086111
0 0.067187 0.220833 0.056250 0.108333
0 0.134375 0.120833 0.050000 0.069444
0 0.267969 0.044444 0.042188 0.077778
0 0.371875 0.072222 0.053125 0.116667
0 0.479687 0.156944 0.040625 0.052778
0 0.135937 0.048611 0.037500 0.069444
0 0.244531 0.336111 0.054688 0.100000
0 0.585156 0.420833 0.054688 0.091667
0 0.502344 0.788889 0.032813 0.050000
0 0.030469 0.738889 0.035937 0.061111
