0 0.123438 0.219444 0.059375 0.100000
0 0.187500 0.127778 0.046875 0.072222
0 0.325781 0.037500 0.042188 0.069444
0 0.425781 0.075000 0.057813 0.105556
0 0.531250 0.156944 0.031250 0.041667
0 0.710938 0.429167 0.043750 0.113889
0 0.757031 0.425000 0.054688 0.105556
0 0.640625 0.608333 0.065625 0.116667
0 0.580469 0.906944 0.048438 0.108333
0 0.124219 0.601389 0.054688 0.086111
0 0.421875 0.520833 0.043750 0.080556
0 0.301563 0.350000 0.046875 0.072222
0 0.221094 0.780556 0.039062 0.072222
0 0.190625 0.054167 0.040625 0.069444
0 0.085938 0.741667 0.034375 0.055556
0 0.034375 0.568056 0.037500 0.058333
0 0.071875 0.619444 0.037500 0.061111
0 0.630469 0.415278 0.042188 0.075000
0 0.796875 0.600000 0.025000 0.044444
