0 0.179688 0.219444 0.059375 0.105556
0 0.239063 0.127778 0.040625 0.083333
0 0.245312 0.047222 0.034375 0.061111
0 0.376563 0.045833 0.046875 0.069444
0 0.481250 0.075000 0.053125 0.127778
0 0.583594 0.161111 0.029687 0.072222
0 0.767969 0.416667 0.035937 0.116667
0 0.810937 0.404167 0.046875 0.075000
0 0.692969 0.600000 0.054688 0.111111
0 0.634375 0.893056 0.053125 0.108333
0 0.277344 0.772222 0.035937 0.077778
0 0.181250 0.598611 0.043750 0.086111
0 0.027344 0.533333 0.042188 0.072222
0 0.026562 0.726389 0.043750 0.080556
0 0.480469 0.508333 0.032813 0.094444
0 0.139844 0.740278 0.032813 0.058333
0 0.355469 0.333333 0.054688 0.105556
0 0.089844 0.562500 0.035937 0.058333
0 0.688281 0.416667 0.054688 0.088889
0 0.849219 0.597222 0.029687 0.050000
0 0.124219 0.611111 0.045312 0.055556
0 0.223438 0.225000 0.031250 0.066667
