0 0.034375 0.133333 0.046875 0.077778
0 0.235156 0.202778 0.060937 0.100000
0 0.298438 0.112500 0.040625 0.069444
0 0.296094 0.036111 0.039062 0.066667
0 0.428906 0.037500 0.051562 0.063889
0 0.534375 0.056944 0.053125 0.113889
0 0.539062 0.494444 0.050000 0.088889
0 0.745313 0.587500 0.059375 0.130556
0 0.687500 0.875000 0.046875 0.105556
0 0.818750 0.406944 0.031250 0.097222
0 0.862500 0.395833 0.050000 0.108333
0 0.635938 0.148611 0.037500 0.063889
0 0.409375 0.334722 0.040625 0.086111
0 0.234375 0.586111 0.046875 0.088889
0 0.329688 0.759722 0.037500 0.063889
0 0.082812 0.527778 0.046875 0.088889
0 0.075000 0.716667 0.050000 0.083333
0 0.144531 0.550000 0.035937 0.055556
0 0.275781 0.212500 0.032813 0.063889
0 0.176563 0.604167 0.043750 0.069444
0 0.190625 0.725000 0.031250 0.061111
0 0.737500 0.393056 0.037500 0.080556
0 0.900000 0.584722 0.025000 0.041667
