0 0.080469 0.115278 0.048438 0.080556
0 0.276562 0.173611 0.056250 0.102778
0 0.335938 0.087500 0.043750 0.069444
0 0.450781 0.312500 0.048438 0.069444
0 0.586719 0.479167 0.051562 0.091667
0 0.867969 0.372222 0.035937 0.094444
0 0.914844 0.373611 0.045312 0.102778
0 0.792188 0.561111 0.059375 0.122222
0 0.739844 0.865278 0.057813 0.113889
0 0.379688 0.736111 0.037500 0.072222
0 0.279687 0.559722 0.050000 0.091667
0 0.131250 0.498611 0.040625 0.069444
0 0.121094 0.690278 0.042188 0.091667
0 0.476562 0.020833 0.046875 0.041667
0 0.579688 0.048611 0.059375 0.091667
0 0.347656 0.026389 0.045312 0.047222
0 0.680469 0.118056 0.032813 0.058333
0 0.190625 0.526389 0.034375 0.058333
0 0.239063 0.704167 0.031250 0.058333
0 0.226562 0.577778 0.040625 0.077778
0 0.031250 0.841667 0.025000 0.055556
0 0.946094 0.558333 0.023438 0.038889
0 0.789844 0.379167 0.051562 0.091667
0 0.710938 0.751389 0.034375 0.047222
0 0.329688 0.193056 0.043750 0.063889
