0 0.120313 0.076389 0.050000 0.091667
0 0.321094 0.144444 0.051562 0.105556
0 0.381250 0.058333 0.046875 0.083333
0 0.722656 0.083333 0.039062 0.055556
0 0.910937 0.338889 0.037500 0.105556
0 0.953906 0.329167 0.048438 0.086111
0 0.835156 0.523611 0.054688 0.125000
0 0.782813 0.825000 0.065625 0.111111
0 0.417187 0.702778 0.040625 0.077778
0 0.617969 0.433333 0.045312 0.105556
0 0.496094 0.276389 0.057813 0.063889
0 0.325000 0.530556 0.050000 0.105556
0 0.168750 0.463889 0.043750 0.077778
0 0.163281 0.648611 0.042188 0.086111
0 0.233594 0.488889 0.035937 0.055556
0 0.278906 0.661111 0.035937 0.061111
0 0.371094 0.155556 0.039062 0.066667
0 0.073438 0.812500 0.034375 0.047222
0 0.266406 0.543056 0.039062 0.069444
