0 0.160156 0.040278 0.051562 0.075000
0 0.356250 0.101389 0.053125 0.097222
0 0.528906 0.226389 0.054688 0.080556
0 0.658594 0.400000 0.051562 0.111111
0 0.949219 0.311111 0.032813 0.077778
0 0.982812 0.293056 0.028125 0.113889
0 0.759375 0.044444 0.034375 0.055556
0 0.868750 0.490278 0.062500 0.136111
0 0.819531 0.790278 0.064062 0.108333
0 0.778906 0.966667 0.039062 0.055556
0 0.452344 0.654167 0.032813 0.063889
0 0.361719 0.484722 0.048438 0.091667
0 0.210156 0.423611 0.035937 0.086111
0 0.200781 0.609722 0.048438 0.080556
0 0.269531 0.451389 0.035937 0.058333
0 0.314844 0.623611 0.035937 0.063889
0 0.303125 0.498611 0.043750 0.058333
0 0.108594 0.761111 0.023438 0.055556
0 0.650781 0.975000 0.026562 0.044444
