0 0.393750 0.059722 0.059375 0.091667
0 0.569531 0.195833 0.054688 0.069444
0 0.697656 0.362500 0.039062 0.097222
0 0.908594 0.448611 0.060937 0.130556
0 0.982812 0.273611 0.031250 0.102778
0 0.853125 0.752778 0.059375 0.116667
0 0.814063 0.943056 0.040625 0.086111
0 0.762500 0.873611 0.028125 0.030556
0 0.678906 0.937500 0.020313 0.052778
0 0.487500 0.622222 0.031250 0.072222
0 0.397656 0.445833 0.045312 0.080556
0 0.242188 0.381944 0.043750 0.080556
0 0.241406 0.570833 0.048438 0.091667
0 0.304688 0.411111 0.037500 0.061111
0 0.146875 0.727778 0.025000 0.044444
0 0.353125 0.586111 0.028125 0.055556
0 0.337500 0.463889 0.043750 0.061111
0 0.606250 0.551389 0.037500 0.052778
0 0.823438 0.636111 0.034375 0.055556
