0 0.320312 0.300000 0.046875 0.072222
0 0.475000 0.356944 0.050000 0.080556
0 0.316406 0.491667 0.042188 0.088889
0 0.566406 0.544444 0.039062 0.088889
0 0.775000 0.276389 0.043750 0.080556
0 0.649219 0.105556 0.051562 0.066667
0 0.974219 0.365278 0.045312 0.130556
0 0.934375 0.669444 0.059375 0.105556
0 0.892969 0.869444 0.042188 0.088889
0 0.756250 0.859722 0.025000 0.058333
0 0.056250 0.944444 0.040625 0.055556
0 0.383594 0.330556 0.035937 0.055556
0 0.225781 0.652778 0.026562 0.044444
0 0.432031 0.509722 0.029687 0.058333
