0 0.357031 0.261111 0.039062 0.083333
0 0.510156 0.322222 0.045312 0.100000
0 0.356250 0.450000 0.046875 0.083333
0 0.607031 0.500000 0.039062 0.083333
0 0.813281 0.227778 0.048438 0.088889
0 0.967969 0.631944 0.057813 0.102778
0 0.931250 0.837500 0.046875 0.102778
0 0.791406 0.829167 0.029687 0.052778
0 0.014063 0.594444 0.028125 0.083333
0 0.090625 0.908333 0.050000 0.055556
0 0.681250 0.059722 0.046875 0.052778
0 0.419531 0.293056 0.032813 0.058333
0 0.261719 0.611111 0.026562 0.044444
0 0.468750 0.469444 0.025000 0.055556
0 0.453906 0.336111 0.035937 0.055556
0 0.173437 0.569444 0.031250 0.066667
