0 0.391406 0.230556 0.042188 0.088889
0 0.545312 0.284722 0.043750 0.097222
0 0.637500 0.463889 0.034375 0.077778
0 0.850781 0.191667 0.048438 0.088889
0 0.988281 0.577778 0.014063 0.083333
0 0.971094 0.795833 0.045312 0.108333
0 0.826562 0.783333 0.021875 0.055556
0 0.388281 0.416667 0.045312 0.094444
0 0.035937 0.556944 0.043750 0.086111
0 0.122656 0.870833 0.045312 0.058333
0 0.451562 0.252778 0.037500 0.055556
0 0.207813 0.531944 0.031250 0.063889
0 0.500781 0.437500 0.026562 0.052778
0 0.292187 0.566667 0.031250 0.061111
