0 0.067187 0.526389 0.050000 0.097222
0 0.164844 0.843056 0.042188 0.058333
0 0.420312 0.375000 0.053125 0.083333
0 0.423438 0.184722 0.043750 0.086111
0 0.580469 0.247222 0.042188 0.100000
0 0.671875 0.425000 0.040625 0.083333
0 0.885938 0.155556 0.046875 0.100000
0 0.946094 0.688889 0.029687 0.038889
0 0.862500 0.752778 0.028125 0.072222
0 0.328125 0.544444 0.031250 0.044444
0 0.485156 0.215278 0.035937 0.058333
0 0.535937 0.398611 0.025000 0.052778
0 0.239063 0.494444 0.034375 0.066667
0 0.518750 0.265278 0.040625 0.063889
