0 0.103125 0.493056 0.043750 0.086111
0 0.195312 0.806944 0.037500 0.063889
0 0.464062 0.151389 0.046875 0.091667
0 0.621875 0.211111 0.046875 0.105556
0 0.457813 0.344444 0.053125 0.088889
0 0.715625 0.388889 0.040625 0.088889
0 0.932031 0.108333 0.048438 0.088889
0 0.899219 0.722222 0.023438 0.061111
0 0.360938 0.500000 0.028125 0.055556
0 0.522656 0.180556 0.035937 0.061111
0 0.274219 0.465278 0.032813 0.063889
0 0.572656 0.368056 0.026562 0.052778
0 0.557031 0.227778 0.039062 0.072222
0 0.985156 0.666667 0.023438 0.050000
0 0.946875 0.788889 0.031250 0.050000
