0 0.314063 0.094444 0.065625 0.138889
0 0.552344 0.080556 0.045312 0.088889
0 0.589063 0.143056 0.059375 0.091667
0 0.882812 0.047222 0.068750 0.094444
0 0.985938 0.515278 0.025000 0.113889
0 0.980469 0.756944 0.035937 0.119444
0 0.942969 0.465278 0.039062 0.075000
0 0.421094 0.113889 0.045312 0.083333
0 0.511719 0.931944 0.073438 0.108333
0 0.230469 0.263889 0.073438 0.111111
0 0.078125 0.468056 0.056250 0.091667
0 0.038281 0.320833 0.032813 0.069444
0 0.049219 0.800000 0.064062 0.127778
0 0.052344 0.641667 0.060937 0.111111
