0 0.114062 0.141667 0.046875 0.105556
0 0.085156 0.570833 0.045312 0.063889
0 0.288281 0.458333 0.032813 0.077778
0 0.360156 0.290278 0.048438 0.119444
0 0.380469 0.183333 0.045312 0.094444
0 0.482031 0.348611 0.060937 0.108333
0 0.659375 0.361111 0.053125 0.061111
0 0.594531 0.569444 0.042188 0.100000
0 0.956250 0.433333 0.043750 0.094444
0 0.785156 0.801389 0.032813 0.069444
0 0.348438 0.602778 0.018750 0.038889
0 0.366406 0.486111 0.017188 0.044444
0 0.432031 0.577778 0.029687 0.044444
0 0.367969 0.912500 0.057813 0.097222
