0 0.351562 0.740278 0.028125 0.052778
0 0.616406 0.059722 0.057813 0.086111
0 0.071094 0.545833 0.039062 0.052778
0 0.150000 0.523611 0.028125 0.047222
0 0.314063 0.644444 0.025000 0.038889
0 0.274219 0.634722 0.020313 0.041667
0 0.388281 0.700000 0.023438 0.038889
0 0.364063 0.651389 0.021875 0.030556
0 0.840625 0.747222 0.062500 0.116667
0 0.582812 0.211111 0.025000 0.044444
0 0.982812 0.176389 0.028125 0.080556
0 0.842969 0.306944 0.029687 0.036111
0 0.847656 0.238889 0.029687 0.038889
0 0.877344 0.219444 0.014063 0.033333
0 0.415625 0.622222 0.015625 0.033333
