0 0.583594 0.079167 0.054688 0.091667
0 0.957812 0.187500 0.056250 0.069444
0 0.321094 0.751389 0.029687 0.047222
0 0.035156 0.554167 0.039062 0.058333
0 0.118750 0.531944 0.028125 0.047222
0 0.245312 0.641667 0.021875 0.044444
0 0.282031 0.655556 0.020313 0.044444
0 0.359375 0.711111 0.021875 0.038889
0 0.951562 0.819444 0.040625 0.066667
0 0.389062 0.629167 0.021875 0.041667
0 0.553125 0.220833 0.025000 0.041667
0 0.335156 0.661111 0.020313 0.038889
0 0.800781 0.754167 0.060937 0.119444
0 0.810937 0.330556 0.034375 0.055556
0 0.817969 0.254167 0.023438 0.047222
0 0.845313 0.244444 0.018750 0.050000
0 0.910937 0.040278 0.021875 0.036111
