0 0.557031 0.079167 0.054688 0.086111
0 0.925000 0.191667 0.056250 0.072222
0 0.090625 0.534722 0.025000 0.041667
0 0.294531 0.762500 0.032813 0.058333
0 0.217188 0.651389 0.028125 0.047222
0 0.255469 0.663889 0.023438 0.044444
0 0.307031 0.666667 0.023438 0.044444
0 0.010937 0.556944 0.021875 0.063889
0 0.333594 0.720833 0.020313 0.036111
0 0.924219 0.819444 0.048438 0.072222
0 0.365625 0.631944 0.018750 0.036111
0 0.771094 0.748611 0.064062 0.113889
0 0.884375 0.052778 0.025000 0.038889
0 0.789062 0.258333 0.021875 0.038889
0 0.780469 0.329167 0.039062 0.047222
