0 0.064062 0.527778 0.028125 0.044444
0 0.272656 0.758333 0.026562 0.055556
0 0.193750 0.644444 0.025000 0.055556
0 0.232031 0.659722 0.026562 0.052778
0 0.285938 0.661111 0.028125 0.044444
0 0.313281 0.718056 0.026562 0.041667
0 0.535156 0.061111 0.054688 0.088889
0 0.903125 0.176389 0.056250 0.069444
0 0.900781 0.798611 0.045312 0.075000
0 0.343750 0.630556 0.018750 0.038889
0 0.750781 0.720833 0.064062 0.119444
0 0.755469 0.311111 0.029687 0.038889
0 0.771875 0.256944 0.021875 0.047222
0 0.861719 0.538889 0.054688 0.066667
