0 0.329688 0.611111 0.021875 0.038889
0 0.892969 0.141667 0.054688 0.066667
0 0.890625 0.770833 0.043750 0.075000
0 0.260156 0.743056 0.029687 0.052778
0 0.301563 0.706944 0.021875 0.041667
0 0.179688 0.616667 0.031250 0.050000
0 0.218750 0.643056 0.025000 0.041667
0 0.271875 0.647222 0.028125 0.050000
0 0.496094 0.200000 0.026562 0.050000
0 0.522656 0.041667 0.057813 0.083333
0 0.046875 0.511111 0.028125 0.038889
0 0.851562 0.505556 0.050000 0.072222
0 0.737500 0.679167 0.056250 0.119444
0 0.757812 0.237500 0.021875 0.041667
