0 0.078125 0.573611 0.031250 0.047222
0 0.170313 0.680556 0.028125 0.044444
0 0.122656 0.677778 0.035937 0.050000
0 0.197656 0.540278 0.029687 0.047222
0 0.730469 0.640278 0.098437 0.175000
0 0.879687 0.280556 0.025000 0.038889
0 0.982812 0.118056 0.028125 0.047222
0 0.639844 0.361111 0.064062 0.116667
0 0.373437 0.101389 0.021875 0.036111
0 0.913281 0.184722 0.010937 0.019444
0 0.980469 0.216667 0.010937 0.022222
0 0.982812 0.187500 0.009375 0.019444
0 0.881250 0.405556 0.015625 0.022222
0 0.704688 0.773611 0.021875 0.052778
