0 0.235156 0.327778 0.042188 0.111111
0 0.503906 0.345833 0.051562 0.097222
0 0.485938 0.468056 0.050000 0.130556
0 0.621094 0.538889 0.070312 0.127778
0 0.816406 0.520833 0.057813 0.063889
0 0.746875 0.755556 0.046875 0.116667
0 0.414844 0.619444 0.035937 0.077778
0 0.025781 0.825000 0.051562 0.105556
0 0.207031 0.768056 0.045312 0.075000
0 0.477344 0.754167 0.020313 0.047222
0 0.566406 0.751389 0.035937 0.069444
0 0.011719 0.519444 0.023438 0.055556
0 0.612500 0.787500 0.015625 0.036111
0 0.275781 0.594444 0.023438 0.027778
0 0.303125 0.477778 0.018750 0.027778
0 0.214062 0.451389 0.018750 0.036111
0 0.264844 0.484722 0.020313 0.030556
