0 0.624219 0.063889 0.054688 0.111111
0 0.771875 0.794444 0.046875 0.088889
0 0.510156 0.709722 0.045312 0.075000
0 0.393750 0.852778 0.043750 0.083333
0 0.611719 0.830556 0.032813 0.061111
0 0.106250 0.365278 0.056250 0.080556
0 0.265625 0.351389 0.034375 0.069444
0 0.150781 0.413889 0.045312 0.061111
0 0.675000 0.127778 0.050000 0.088889
0 0.975781 0.515278 0.045312 0.075000
0 0.300781 0.477778 0.039062 0.050000
0 0.194531 0.606944 0.032813 0.052778
0 0.073438 0.616667 0.040625 0.061111
0 0.231250 0.033333 0.025000 0.044444
0 0.367188 0.272222 0.021875 0.038889
0 0.201563 0.452778 0.028125 0.038889
