0 0.723437 0.080556 0.062500 0.127778
0 0.770312 0.147222 0.056250 0.094444
0 0.875781 0.886111 0.057813 0.105556
0 0.457813 0.912500 0.050000 0.086111
0 0.685156 0.883333 0.035937 0.072222
0 0.332813 0.372222 0.031250 0.077778
0 0.168750 0.381944 0.053125 0.086111
0 0.256250 0.626389 0.031250 0.052778
0 0.135156 0.629167 0.035937 0.058333
0 0.584375 0.780556 0.046875 0.105556
0 0.300000 0.036111 0.021875 0.044444
0 0.367188 0.497222 0.043750 0.050000
0 0.214844 0.427778 0.048438 0.055556
0 0.434375 0.281944 0.021875 0.036111
0 0.395313 0.715278 0.021875 0.036111
0 0.113281 0.105556 0.014063 0.022222
0 0.135156 0.094444 0.010937 0.022222
0 0.189062 0.166667 0.015625 0.027778
0 0.268750 0.468056 0.028125 0.041667
