0 0.239844 0.413889 0.057813 0.083333
0 0.403906 0.391667 0.035937 0.072222
0 0.834375 0.105556 0.068750 0.138889
0 0.436719 0.522222 0.035937 0.044444
0 0.285938 0.451389 0.046875 0.058333
0 0.324219 0.648611 0.029687 0.052778
0 0.464062 0.747222 0.031250 0.050000
0 0.203906 0.654167 0.039062 0.052778
0 0.371094 0.043056 0.023438 0.041667
0 0.010156 0.340278 0.020313 0.063889
0 0.010937 0.276389 0.021875 0.047222
0 0.504687 0.293056 0.021875 0.036111
0 0.334375 0.491667 0.028125 0.038889
0 0.538281 0.418056 0.026562 0.041667
0 0.607031 0.259722 0.020313 0.030556
