0 0.967969 0.125000 0.060937 0.138889
0 0.487500 0.413889 0.034375 0.077778
0 0.545312 0.773611 0.031250 0.052778
0 0.323437 0.441667 0.053125 0.094444
0 0.402344 0.669444 0.032813 0.050000
0 0.282031 0.675000 0.035937 0.055556
0 0.521094 0.541667 0.032813 0.050000
0 0.367188 0.473611 0.043750 0.052778
0 0.087500 0.347222 0.028125 0.050000
0 0.061719 0.265278 0.026562 0.041667
0 0.089063 0.287500 0.028125 0.041667
0 0.448437 0.050000 0.025000 0.044444
0 0.585938 0.305556 0.021875 0.038889
0 0.417969 0.512500 0.029687 0.041667
0 0.512500 0.115278 0.021875 0.030556
0 0.685156 0.266667 0.020313 0.033333
