0 0.210938 0.790278 0.059375 0.108333
0 0.842969 0.283333 0.035937 0.061111
0 0.360938 0.256944 0.028125 0.052778
0 0.692187 0.608333 0.031250 0.044444
0 0.775781 0.230556 0.032813 0.055556
0 0.259375 0.270833 0.050000 0.075000
0 0.657031 0.818056 0.029687 0.041667
0 0.499219 0.536111 0.032813 0.044444
0 0.862500 0.147222 0.028125 0.038889
0 0.971094 0.158333 0.026562 0.044444
0 0.645312 0.125000 0.021875 0.038889
0 0.932813 0.061111 0.021875 0.038889
0 0.562500 0.347222 0.021875 0.038889
0 0.263281 0.431944 0.017188 0.025000
0 0.257031 0.608333 0.010937 0.022222
