0 0.237500 0.811111 0.053125 0.105556
0 0.289062 0.302778 0.046875 0.100000
0 0.417187 0.250000 0.028125 0.061111
0 0.457031 0.051389 0.032813 0.058333
0 0.907813 0.272222 0.037500 0.055556
0 0.750781 0.608333 0.029687 0.050000
0 0.710156 0.825000 0.032813 0.044444
0 0.544531 0.541667 0.032813 0.066667
0 0.701562 0.112500 0.025000 0.047222
0 0.835156 0.212500 0.032813 0.058333
0 0.934375 0.127778 0.031250 0.050000
0 0.021875 0.266667 0.043750 0.144444
0 0.082031 0.833333 0.057813 0.088889
0 0.700781 0.656944 0.020313 0.036111
