0 0.444531 0.151389 0.035937 0.058333
0 0.392969 0.394444 0.026562 0.050000
0 0.714063 0.793056 0.031250 0.047222
0 0.672656 0.277778 0.026562 0.038889
0 0.874219 0.466667 0.039062 0.055556
0 0.803125 0.404167 0.031250 0.058333
0 0.802344 0.020833 0.029687 0.036111
0 0.975781 0.229167 0.032813 0.047222
0 0.908594 0.309722 0.029687 0.047222
0 0.424219 0.208333 0.029687 0.050000
0 0.379688 0.044444 0.131250 0.088889
0 0.210156 0.508333 0.039062 0.072222
0 0.499219 0.730556 0.026562 0.055556
0 0.242188 0.330556 0.125000 0.188889
0 0.511719 0.548611 0.029687 0.047222
0 0.541406 0.569444 0.014063 0.027778
