0 0.325781 0.102778 0.123438 0.200000
0 0.411719 0.209722 0.032813 0.052778
0 0.359375 0.445833 0.028125 0.047222
0 0.834375 0.537500 0.037500 0.058333
0 0.766406 0.468056 0.032813 0.047222
0 0.636719 0.344444 0.026562 0.038889
0 0.768750 0.090278 0.025000 0.047222
0 0.961719 0.213889 0.029687 0.055556
0 0.934375 0.309722 0.031250 0.052778
0 0.869531 0.381944 0.032813 0.047222
0 0.975000 0.413889 0.031250 0.050000
0 0.678125 0.855556 0.028125 0.050000
0 0.463281 0.793056 0.035937 0.063889
0 0.185156 0.413889 0.135937 0.188889
0 0.385156 0.258333 0.035937 0.061111
0 0.473438 0.600000 0.028125 0.050000
0 0.508594 0.625000 0.014063 0.027778
