0 0.746094 0.351389 0.048438 0.102778
0 0.743750 0.088889 0.053125 0.077778
0 0.537500 0.052778 0.040625 0.061111
0 0.564844 0.768056 0.035937 0.086111
0 0.609375 0.697222 0.037500 0.088889
0 0.906250 0.545833 0.050000 0.097222
0 0.795312 0.409722 0.043750 0.058333
0 0.684375 0.469444 0.046875 0.072222
0 0.292187 0.837500 0.215625 0.319444
0 0.725000 0.609722 0.034375 0.058333
0 0.771875 0.561111 0.028125 0.044444
0 0.600781 0.538889 0.035937 0.066667
0 0.832812 0.258333 0.021875 0.038889
0 0.682813 0.762500 0.018750 0.036111
0 0.794531 0.754167 0.017188 0.036111
