0 0.681250 0.377778 0.046875 0.100000
0 0.732031 0.448611 0.039062 0.063889
0 0.839844 0.577778 0.051562 0.088889
0 0.664844 0.636111 0.035937 0.061111
0 0.499219 0.797222 0.051562 0.077778
0 0.546094 0.722222 0.039062 0.077778
0 0.619531 0.505556 0.042188 0.077778
0 0.682813 0.123611 0.053125 0.075000
0 0.478906 0.079167 0.048438 0.069444
0 0.686719 0.476389 0.035937 0.047222
0 0.824219 0.027778 0.039062 0.050000
0 0.539062 0.565278 0.034375 0.058333
0 0.167969 0.886111 0.232813 0.222222
0 0.623437 0.788889 0.015625 0.027778
0 0.919531 0.462500 0.023438 0.041667
0 0.966406 0.437500 0.023438 0.052778
