0 0.623437 0.397222 0.046875 0.100000
0 0.671875 0.461111 0.043750 0.061111
0 0.782031 0.595833 0.051562 0.091667
0 0.659375 0.602778 0.034375 0.050000
0 0.564063 0.516667 0.050000 0.077778
0 0.484375 0.743056 0.040625 0.086111
0 0.438281 0.818056 0.042188 0.097222
0 0.625781 0.140278 0.054688 0.075000
0 0.608594 0.654167 0.035937 0.058333
0 0.421875 0.087500 0.046875 0.069444
0 0.767969 0.038889 0.045312 0.066667
0 0.629687 0.493056 0.037500 0.052778
0 0.938281 0.252778 0.029687 0.061111
0 0.910156 0.452778 0.026562 0.044444
0 0.071094 0.908333 0.142187 0.177778
0 0.479687 0.577778 0.031250 0.061111
0 0.714844 0.313889 0.026562 0.055556
0 0.933594 0.112500 0.032813 0.058333
0 0.982031 0.136111 0.032813 0.077778
0 0.860938 0.480556 0.028125 0.044444
0 0.909375 0.533333 0.009375 0.022222
0 0.970313 0.534722 0.012500 0.025000
0 0.571094 0.804167 0.017188 0.030556
0 0.679688 0.798611 0.018750 0.041667
