0 0.570312 0.398611 0.050000 0.097222
0 0.509375 0.518056 0.046875 0.075000
0 0.430469 0.747222 0.042188 0.088889
0 0.382031 0.827778 0.048438 0.083333
0 0.734375 0.597222 0.050000 0.088889
0 0.563281 0.654167 0.039062 0.058333
0 0.530469 0.815278 0.023438 0.041667
0 0.625000 0.465278 0.046875 0.069444
0 0.585156 0.497222 0.042188 0.050000
0 0.573438 0.133333 0.056250 0.077778
0 0.373437 0.073611 0.053125 0.058333
0 0.720313 0.040278 0.046875 0.069444
0 0.889062 0.255556 0.040625 0.066667
0 0.888281 0.112500 0.039062 0.063889
0 0.817187 0.491667 0.028125 0.050000
0 0.865625 0.456944 0.025000 0.047222
0 0.943750 0.147222 0.050000 0.077778
0 0.671094 0.315278 0.026562 0.047222
0 0.635938 0.800000 0.015625 0.038889
