0 0.525000 0.377778 0.050000 0.111111
0 0.470313 0.505556 0.046875 0.083333
0 0.386719 0.738889 0.042188 0.094444
0 0.334375 0.815278 0.046875 0.097222
0 0.332813 0.050000 0.046875 0.066667
0 0.535937 0.108333 0.059375 0.083333
0 0.698438 0.586111 0.050000 0.094444
0 0.525000 0.650000 0.037500 0.066667
0 0.859375 0.240278 0.034375 0.075000
0 0.587500 0.444444 0.043750 0.061111
0 0.547656 0.479167 0.039062 0.052778
0 0.503125 0.809722 0.025000 0.036111
0 0.909375 0.133333 0.046875 0.094444
0 0.792188 0.481944 0.028125 0.052778
0 0.841406 0.450000 0.029687 0.050000
0 0.636719 0.301389 0.026562 0.052778
0 0.859375 0.101389 0.037500 0.063889
0 0.588281 0.601389 0.023438 0.047222
0 0.083594 0.777778 0.007812 0.016667
0 0.078906 0.845833 0.007812 0.019444
0 0.607031 0.793056 0.020313 0.036111
