0 0.470313 0.330556 0.053125 0.105556
0 0.542969 0.423611 0.051562 0.075000
0 0.419531 0.473611 0.051562 0.086111
0 0.332813 0.712500 0.050000 0.097222
0 0.271875 0.797222 0.053125 0.094444
0 0.654687 0.555556 0.053125 0.094444
0 0.485156 0.634722 0.039062 0.069444
0 0.479687 0.052778 0.053125 0.077778
0 0.822656 0.206944 0.051562 0.075000
0 0.556250 0.587500 0.037500 0.052778
0 0.764062 0.462500 0.037500 0.047222
0 0.876563 0.093056 0.059375 0.102778
0 0.815625 0.434722 0.031250 0.047222
0 0.053906 0.841667 0.010937 0.022222
0 0.099219 0.680556 0.010937 0.016667
0 0.178906 0.870833 0.007812 0.013889
0 0.634375 0.802778 0.015625 0.027778
0 0.575000 0.780556 0.015625 0.027778
0 0.473438 0.797222 0.018750 0.033333
