0 0.407031 0.291667 0.054688 0.122222
0 0.364844 0.450000 0.054688 0.088889
0 0.497656 0.400000 0.048438 0.077778
0 0.530469 0.583333 0.032813 0.061111
0 0.613281 0.547222 0.054688 0.105556
0 0.785937 0.168056 0.040625 0.075000
0 0.839063 0.063889 0.050000 0.094444
0 0.737500 0.447222 0.028125 0.055556
0 0.446875 0.613889 0.040625 0.066667
0 0.268750 0.700000 0.050000 0.094444
0 0.205469 0.787500 0.054688 0.097222
0 0.560156 0.247222 0.032813 0.066667
0 0.792188 0.427778 0.028125 0.050000
0 0.543750 0.780556 0.018750 0.038889
0 0.029687 0.837500 0.009375 0.013889
0 0.610156 0.798611 0.017188 0.025000
0 0.158594 0.872222 0.007812 0.011111
0 0.081250 0.676389 0.009375 0.013889
0 0.275781 0.515278 0.032813 0.075000
0 0.496875 0.838889 0.012500 0.022222
0 0.443750 0.793056 0.015625 0.030556
