0 0.358594 0.276389 0.060937 0.119444
0 0.321094 0.437500 0.064062 0.091667
0 0.223438 0.695833 0.056250 0.097222
0 0.153906 0.788889 0.060937 0.100000
0 0.579688 0.541667 0.053125 0.105556
0 0.507031 0.584722 0.035937 0.063889
0 0.414062 0.615278 0.037500 0.063889
0 0.757031 0.158333 0.039062 0.066667
0 0.814844 0.047222 0.054688 0.088889
0 0.462500 0.379167 0.053125 0.069444
0 0.715625 0.451389 0.034375 0.063889
0 0.772656 0.426389 0.032813 0.047222
0 0.012500 0.841667 0.009375 0.016667
0 0.143750 0.877778 0.009375 0.016667
0 0.593750 0.805556 0.018750 0.027778
0 0.425000 0.801389 0.021875 0.036111
0 0.225000 0.504167 0.037500 0.069444
0 0.910156 0.731944 0.039062 0.058333
