0 0.321875 0.265278 0.056250 0.125000
0 0.291406 0.433333 0.060937 0.094444
0 0.435937 0.384722 0.059375 0.069444
0 0.393750 0.622222 0.050000 0.072222
0 0.554688 0.545833 0.059375 0.108333
0 0.740625 0.151389 0.046875 0.080556
0 0.796094 0.044444 0.051562 0.083333
0 0.703125 0.455556 0.031250 0.055556
0 0.624219 0.504167 0.026562 0.052778
0 0.114062 0.784722 0.062500 0.102778
0 0.188281 0.701389 0.051562 0.113889
0 0.494531 0.590278 0.029687 0.063889
0 0.584375 0.820833 0.028125 0.041667
0 0.765625 0.434722 0.028125 0.052778
0 0.190625 0.502778 0.037500 0.072222
0 0.896094 0.743056 0.032813 0.063889
0 0.980469 0.673611 0.032813 0.119444
