0 0.289844 0.247222 0.060937 0.127778
0 0.407813 0.377778 0.062500 0.083333
0 0.262500 0.419444 0.056250 0.088889
0 0.157031 0.697222 0.051562 0.105556
0 0.075781 0.784722 0.060937 0.102778
0 0.374219 0.613889 0.039062 0.072222
0 0.538281 0.541667 0.060937 0.111111
0 0.482031 0.588889 0.032813 0.061111
0 0.726562 0.141667 0.040625 0.077778
0 0.696875 0.458333 0.034375 0.066667
0 0.760156 0.440278 0.029687 0.058333
0 0.783594 0.037500 0.051562 0.075000
0 0.613281 0.506944 0.029687 0.058333
0 0.974219 0.680556 0.048438 0.150000
0 0.885938 0.743056 0.040625 0.069444
