0 0.515625 0.525000 0.056250 0.111111
0 0.250000 0.215278 0.065625 0.136111
0 0.232813 0.409722 0.065625 0.097222
0 0.120313 0.687500 0.053125 0.102778
0 0.039062 0.773611 0.071875 0.108333
0 0.353906 0.612500 0.042188 0.080556
0 0.388281 0.362500 0.060937 0.080556
0 0.966406 0.676389 0.064062 0.175000
0 0.710156 0.118056 0.042188 0.080556
0 0.601562 0.501389 0.031250 0.058333
0 0.756250 0.427778 0.031250 0.050000
0 0.688281 0.448611 0.035937 0.052778
0 0.472656 0.586111 0.032813 0.061111
0 0.880469 0.748611 0.042188 0.075000
0 0.568750 0.823611 0.018750 0.030556
