0 0.496875 0.500000 0.059375 0.111111
0 0.460938 0.565278 0.031250 0.047222
0 0.333594 0.587500 0.042188 0.075000
0 0.201563 0.368056 0.065625 0.102778
0 0.210938 0.154167 0.068750 0.136111
0 0.680469 0.431944 0.035937 0.058333
0 0.699219 0.076389 0.042188 0.086111
0 0.360938 0.322222 0.065625 0.088889
0 0.753125 0.418056 0.034375 0.052778
0 0.592969 0.481944 0.032813 0.052778
0 0.959375 0.638889 0.075000 0.183333
0 0.082031 0.656944 0.054688 0.119444
0 0.563281 0.820833 0.026562 0.041667
0 0.875781 0.736111 0.048438 0.083333
0 0.378906 0.806944 0.020313 0.036111
