0 0.476562 0.465278 0.059375 0.119444
0 0.176563 0.091667 0.075000 0.144444
0 0.165625 0.329167 0.068750 0.102778
0 0.047656 0.619444 0.064062 0.116667
0 0.315625 0.562500 0.046875 0.075000
0 0.954688 0.593056 0.087500 0.175000
0 0.579688 0.463889 0.031250 0.055556
0 0.746094 0.400000 0.029687 0.050000
0 0.670312 0.409722 0.034375 0.052778
0 0.447656 0.548611 0.032813 0.052778
0 0.338281 0.281944 0.067187 0.075000
0 0.689063 0.043056 0.053125 0.080556
0 0.868750 0.713889 0.050000 0.077778
0 0.367969 0.790278 0.020313 0.030556
0 0.432031 0.845833 0.014063 0.025000
0 0.551562 0.809722 0.018750 0.030556
