0 0.457031 0.427778 0.067187 0.116667
0 0.565625 0.437500 0.031250 0.058333
0 0.946875 0.548611 0.100000 0.197222
0 0.292187 0.531944 0.043750 0.080556
0 0.135937 0.273611 0.062500 0.108333
0 0.314844 0.240278 0.076563 0.086111
0 0.136719 0.051389 0.082812 0.102778
0 0.021875 0.577778 0.043750 0.111111
0 0.655469 0.387500 0.039062 0.063889
0 0.732031 0.381944 0.032813 0.058333
0 0.351562 0.779167 0.025000 0.047222
0 0.539844 0.797222 0.023438 0.038889
0 0.428906 0.527778 0.023438 0.044444
0 0.856250 0.693056 0.040625 0.080556
