0 0.439063 0.291667 0.062500 0.127778
0 0.282031 0.093056 0.085938 0.102778
0 0.091406 0.112500 0.070312 0.113889
0 0.259375 0.425000 0.050000 0.083333
0 0.320312 0.720833 0.031250 0.052778
0 0.546094 0.341667 0.032813 0.061111
0 0.850781 0.600000 0.051562 0.094444
0 0.637500 0.297222 0.037500 0.055556
0 0.713281 0.305556 0.032813 0.055556
0 0.406250 0.452778 0.031250 0.061111
0 0.968750 0.333333 0.059375 0.183333
0 0.511719 0.740278 0.020313 0.036111
0 0.532813 0.577778 0.028125 0.038889
0 0.592969 0.795833 0.014063 0.025000
