0 0.900000 0.520833 0.053125 0.091667
0 0.485156 0.166667 0.064062 0.138889
0 0.656250 0.219444 0.040625 0.061111
0 0.721875 0.233333 0.031250 0.061111
0 0.401562 0.386111 0.037500 0.072222
0 0.267969 0.338889 0.051562 0.088889
0 0.305469 0.669444 0.029687 0.055556
0 0.563281 0.259722 0.035937 0.069444
0 0.410938 0.291667 0.034375 0.055556
0 0.839063 0.516667 0.028125 0.061111
0 0.501563 0.691667 0.025000 0.044444
0 0.585156 0.758333 0.020313 0.044444
0 0.796094 0.393056 0.023438 0.047222
0 0.149219 0.631944 0.017188 0.052778
0 0.370312 0.730556 0.015625 0.027778
0 0.414844 0.618056 0.026562 0.052778
0 0.546875 0.501389 0.025000 0.041667
