0 0.525781 0.112500 0.079687 0.152778
0 0.673438 0.177778 0.043750 0.066667
0 0.928906 0.490278 0.051562 0.102778
0 0.845313 0.490278 0.031250 0.063889
0 0.502344 0.668056 0.023438 0.047222
0 0.417969 0.259722 0.029687 0.063889
0 0.409375 0.355556 0.037500 0.077778
0 0.577344 0.226389 0.039062 0.069444
0 0.421875 0.594444 0.034375 0.061111
0 0.796875 0.363889 0.028125 0.038889
0 0.284375 0.294444 0.056250 0.094444
0 0.303906 0.644444 0.026562 0.055556
0 0.148438 0.605556 0.021875 0.055556
0 0.562500 0.469444 0.034375 0.050000
0 0.732031 0.200000 0.026562 0.050000
0 0.753906 0.454167 0.017188 0.030556
