0 0.570312 0.073611 0.081250 0.141667
0 0.418750 0.315278 0.034375 0.069444
0 0.307031 0.247222 0.057813 0.088889
0 0.964063 0.450000 0.053125 0.105556
0 0.853906 0.450000 0.026562 0.066667
0 0.688281 0.141667 0.042188 0.066667
0 0.596875 0.180556 0.046875 0.061111
0 0.427344 0.219444 0.032813 0.055556
0 0.310156 0.611111 0.026562 0.055556
0 0.435156 0.561111 0.032813 0.055556
0 0.807031 0.331944 0.023438 0.047222
0 0.505469 0.637500 0.026562 0.047222
0 0.148438 0.580556 0.025000 0.061111
0 0.582812 0.433333 0.034375 0.050000
0 0.755469 0.422222 0.014063 0.027778
0 0.589063 0.695833 0.015625 0.025000
0 0.372656 0.675000 0.014063 0.027778
0 0.349219 0.477778 0.020313 0.033333
