0 0.039062 0.125000 0.075000 0.150000
0 0.333594 0.208333 0.057813 0.094444
0 0.435156 0.281944 0.039062 0.075000
0 0.455469 0.526389 0.032813 0.063889
0 0.317188 0.583333 0.028125 0.061111
0 0.440625 0.181944 0.028125 0.058333
0 0.515625 0.608333 0.025000 0.055556
0 0.615625 0.037500 0.084375 0.075000
0 0.621094 0.143056 0.042188 0.069444
0 0.864844 0.412500 0.029687 0.052778
0 0.983594 0.393056 0.029687 0.097222
0 0.710156 0.095833 0.039062 0.069444
0 0.815625 0.290278 0.021875 0.047222
0 0.159375 0.550000 0.025000 0.066667
0 0.597656 0.665278 0.017188 0.030556
0 0.763281 0.391667 0.020313 0.033333
0 0.355469 0.445833 0.020313 0.030556
0 0.380469 0.650000 0.017188 0.027778
0 0.611719 0.394444 0.020313 0.044444
