0 0.074219 0.081944 0.089063 0.163889
0 0.363281 0.165278 0.054688 0.108333
0 0.449219 0.247222 0.039062 0.088889
0 0.470313 0.494444 0.037500 0.066667
0 0.329688 0.554167 0.028125 0.058333
0 0.525781 0.581944 0.023438 0.052778
0 0.167187 0.523611 0.025000 0.063889
0 0.879687 0.375000 0.028125 0.066667
0 0.454688 0.145833 0.028125 0.063889
0 0.771094 0.356944 0.029687 0.041667
0 0.828125 0.254167 0.025000 0.047222
0 0.365625 0.420833 0.018750 0.030556
0 0.389062 0.619444 0.012500 0.022222
0 0.635156 0.352778 0.023438 0.044444
0 0.609375 0.631944 0.015625 0.025000
