0 0.448437 0.093056 0.062500 0.102778
0 0.523438 0.516667 0.028125 0.061111
0 0.367188 0.483333 0.025000 0.055556
0 0.627344 0.440278 0.032813 0.069444
0 0.596875 0.587500 0.025000 0.041667
0 0.738281 0.540278 0.026562 0.052778
0 0.064062 0.052778 0.090625 0.105556
0 0.836719 0.601389 0.023438 0.052778
0 0.038281 0.829167 0.014063 0.030556
0 0.054688 0.830556 0.015625 0.033333
0 0.139844 0.629167 0.010937 0.019444
0 0.046875 0.516667 0.012500 0.022222
0 0.082031 0.506944 0.010937 0.019444
0 0.270313 0.675000 0.009375 0.016667
0 0.613281 0.170833 0.032813 0.052778
0 0.619531 0.072222 0.026562 0.055556
0 0.778125 0.269444 0.037500 0.055556
