0 0.102344 0.112500 0.079687 0.152778
0 0.477344 0.145833 0.060937 0.097222
0 0.550781 0.545833 0.026562 0.058333
0 0.657031 0.480556 0.032813 0.072222
0 0.764062 0.563889 0.025000 0.050000
0 0.826562 0.034722 0.040625 0.069444
0 0.395313 0.519444 0.028125 0.066667
0 0.865625 0.627778 0.021875 0.044444
0 0.023438 0.726389 0.015625 0.025000
0 0.028125 0.855556 0.015625 0.033333
0 0.067969 0.838889 0.014063 0.027778
0 0.084375 0.840278 0.015625 0.030556
0 0.643750 0.209722 0.034375 0.058333
0 0.650000 0.112500 0.028125 0.058333
0 0.073438 0.529167 0.012500 0.019444
0 0.032031 0.519444 0.014063 0.016667
0 0.296094 0.683333 0.010937 0.016667
0 0.166406 0.640278 0.010937 0.019444
0 0.147656 0.759722 0.007812 0.019444
0 0.623437 0.609722 0.015625 0.030556
0 0.725781 0.766667 0.010937 0.022222
0 0.810156 0.333333 0.039062 0.077778
0 0.110937 0.519444 0.009375 0.016667
