0 0.129688 0.144444 0.081250 0.166667
0 0.502344 0.169444 0.057813 0.100000
0 0.574219 0.556944 0.035937 0.063889
0 0.417969 0.529167 0.023438 0.063889
0 0.856250 0.036111 0.056250 0.066667
0 0.681250 0.491667 0.034375 0.072222
0 0.792188 0.570833 0.031250 0.041667
0 0.836719 0.336111 0.048438 0.061111
0 0.892188 0.641667 0.025000 0.050000
0 0.050781 0.731944 0.014063 0.030556
0 0.093750 0.841667 0.015625 0.027778
0 0.110156 0.844444 0.014063 0.027778
0 0.023438 0.240278 0.043750 0.125000
0 0.192188 0.648611 0.012500 0.025000
0 0.104688 0.540278 0.012500 0.025000
0 0.136719 0.527778 0.010937 0.022222
0 0.648438 0.619444 0.018750 0.033333
0 0.751563 0.773611 0.009375 0.019444
0 0.666406 0.219444 0.035937 0.055556
