0 0.143750 0.136111 0.078125 0.144444
0 0.517188 0.163889 0.059375 0.100000
0 0.589063 0.565278 0.028125 0.063889
0 0.432031 0.531944 0.020313 0.063889
0 0.700000 0.491667 0.037500 0.066667
0 0.875000 0.038889 0.053125 0.066667
0 0.809375 0.581944 0.028125 0.058333
0 0.689844 0.130556 0.032813 0.072222
0 0.912500 0.648611 0.025000 0.052778
0 0.074219 0.863889 0.014063 0.027778
0 0.111719 0.850000 0.014063 0.027778
0 0.128125 0.848611 0.015625 0.025000
0 0.067969 0.738889 0.017188 0.027778
0 0.664062 0.626389 0.018750 0.036111
0 0.683594 0.225000 0.035937 0.066667
0 0.856250 0.345833 0.043750 0.080556
