0 0.530469 0.166667 0.057813 0.094444
0 0.158594 0.134722 0.079687 0.147222
0 0.040625 0.256944 0.081250 0.152778
0 0.600000 0.573611 0.031250 0.058333
0 0.441406 0.538889 0.023438 0.072222
0 0.711719 0.502778 0.032813 0.066667
0 0.820312 0.584722 0.034375 0.041667
0 0.887500 0.043056 0.046875 0.080556
0 0.702344 0.134722 0.032813 0.069444
0 0.927344 0.659722 0.026562 0.047222
0 0.082031 0.877778 0.014063 0.027778
0 0.119531 0.866667 0.014063 0.027778
0 0.135156 0.865278 0.014063 0.025000
0 0.076563 0.754167 0.015625 0.030556
0 0.675000 0.640278 0.018750 0.036111
0 0.695312 0.233333 0.034375 0.061111
0 0.128125 0.559722 0.009375 0.019444
0 0.215625 0.668056 0.009375 0.013889
0 0.343750 0.711111 0.006250 0.016667
0 0.350781 0.676389 0.007812 0.019444
0 0.196875 0.788889 0.009375 0.016667
0 0.214844 0.594444 0.007812 0.011111
0 0.162500 0.547222 0.009375 0.016667
0 0.871094 0.340278 0.045312 0.063889
