0 0.179688 0.125000 0.081250 0.150000
0 0.046875 0.255556 0.090625 0.188889
0 0.550000 0.169444 0.059375 0.094444
0 0.714844 0.138889 0.035937 0.055556
0 0.612500 0.586111 0.031250 0.066667
0 0.451562 0.554167 0.025000 0.069444
0 0.726562 0.513889 0.037500 0.072222
0 0.908594 0.043056 0.042188 0.086111
0 0.836719 0.602778 0.026562 0.050000
0 0.944531 0.677778 0.026562 0.055556
0 0.709375 0.236111 0.037500 0.055556
0 0.079687 0.772222 0.015625 0.027778
0 0.122656 0.887500 0.014063 0.030556
0 0.139063 0.886111 0.012500 0.027778
0 0.686719 0.652778 0.017188 0.033333
0 0.892969 0.340278 0.045312 0.063889
0 0.220312 0.687500 0.009375 0.013889
0 0.133594 0.580556 0.014063 0.016667
0 0.165625 0.565278 0.009375 0.013889
0 0.346875 0.730556 0.009375 0.016667
