0 0.210938 0.118056 0.078125 0.163889
0 0.081250 0.245833 0.096875 0.180556
0 0.579688 0.170833 0.068750 0.108333
0 0.736719 0.147222 0.035937 0.072222
0 0.628125 0.606944 0.034375 0.069444
0 0.753906 0.526389 0.032813 0.075000
0 0.936719 0.043056 0.054688 0.080556
0 0.732031 0.247222 0.039062 0.061111
0 0.851562 0.626389 0.028125 0.058333
0 0.700781 0.675000 0.023438 0.038889
0 0.464062 0.572222 0.025000 0.066667
0 0.960938 0.694444 0.025000 0.055556
0 0.079687 0.797222 0.015625 0.027778
0 0.124219 0.909722 0.014063 0.030556
0 0.139063 0.911111 0.015625 0.027778
