0 0.587500 0.466667 0.028125 0.061111
0 0.696875 0.583333 0.034375 0.072222
0 0.197656 0.962500 0.014063 0.030556
0 0.128125 0.838889 0.025000 0.027778
0 0.139844 0.979167 0.017188 0.030556
0 0.181250 0.963889 0.018750 0.027778
0 0.015625 0.691667 0.018750 0.027778
0 0.216406 0.612500 0.014063 0.025000
0 0.180469 0.627778 0.014063 0.027778
0 0.275781 0.743056 0.017188 0.030556
0 0.254688 0.868056 0.012500 0.025000
0 0.017188 0.834722 0.015625 0.036111
0 0.021094 0.645833 0.020313 0.030556
0 0.935156 0.693056 0.020313 0.041667
0 0.919531 0.354167 0.035937 0.058333
