0 0.732031 0.576389 0.035937 0.080556
0 0.614844 0.459722 0.029687 0.058333
0 0.920312 0.601389 0.040625 0.058333
0 0.211719 0.959722 0.017188 0.030556
0 0.194531 0.959722 0.014063 0.030556
0 0.144531 0.834722 0.017188 0.030556
0 0.196094 0.622222 0.017188 0.027778
0 0.230469 0.608333 0.014063 0.027778
0 0.035937 0.638889 0.021875 0.027778
0 0.031250 0.829167 0.018750 0.030556
0 0.030469 0.680556 0.017188 0.022222
0 0.152344 0.973611 0.017188 0.025000
0 0.975000 0.340278 0.040625 0.075000
0 0.972656 0.693056 0.020313 0.047222
0 0.950781 0.856944 0.010937 0.025000
0 0.289844 0.733333 0.007812 0.022222
0 0.421094 0.777778 0.007812 0.016667
