0 0.628906 0.461111 0.026562 0.050000
0 0.753125 0.588889 0.034375 0.072222
0 0.951562 0.616667 0.037500 0.072222
0 0.148438 0.840278 0.015625 0.030556
0 0.199219 0.966667 0.014063 0.033333
0 0.217188 0.969444 0.015625 0.038889
0 0.296094 0.745833 0.017188 0.030556
0 0.201563 0.626389 0.018750 0.030556
0 0.040625 0.640278 0.018750 0.030556
0 0.036719 0.684722 0.020313 0.030556
0 0.035937 0.836111 0.018750 0.038889
0 0.274219 0.876389 0.017188 0.025000
0 0.430469 0.788889 0.014063 0.027778
0 0.238281 0.612500 0.014063 0.025000
0 0.158594 0.981944 0.017188 0.025000
