0 0.634375 0.473611 0.028125 0.058333
0 0.764062 0.601389 0.037500 0.080556
0 0.968750 0.637500 0.040625 0.080556
0 0.194531 0.981944 0.017188 0.030556
0 0.212500 0.981944 0.015625 0.030556
0 0.143750 0.854167 0.021875 0.030556
0 0.198437 0.637500 0.018750 0.030556
0 0.270313 0.891667 0.018750 0.027778
0 0.036719 0.647222 0.020313 0.027778
0 0.029687 0.693056 0.018750 0.025000
0 0.030469 0.847222 0.020313 0.033333
0 0.428906 0.802778 0.014063 0.027778
0 0.235937 0.626389 0.015625 0.030556
0 0.295312 0.754167 0.018750 0.025000
0 0.318750 0.740278 0.012500 0.025000
