0 0.626563 0.470833 0.028125 0.058333
0 0.760938 0.602778 0.043750 0.077778
0 0.970313 0.634722 0.043750 0.069444
0 0.017969 0.648611 0.017188 0.030556
0 0.013281 0.697222 0.014063 0.033333
0 0.011719 0.848611 0.017188 0.025000
0 0.129688 0.858333 0.021875 0.027778
0 0.184375 0.641667 0.018750 0.033333
0 0.197656 0.986111 0.014063 0.022222
0 0.178906 0.986111 0.017188 0.022222
0 0.256250 0.897222 0.015625 0.027778
0 0.222656 0.629167 0.014063 0.030556
0 0.280469 0.766667 0.017188 0.033333
0 0.418750 0.808333 0.012500 0.022222
