0 0.905469 0.638889 0.051562 0.105556
0 0.716406 0.458333 0.032813 0.072222
0 0.129688 0.812500 0.021875 0.036111
0 0.010156 0.630556 0.020313 0.027778
0 0.014063 0.587500 0.021875 0.030556
0 0.008594 0.794444 0.017188 0.038889
0 0.190625 0.583333 0.018750 0.033333
0 0.293750 0.715278 0.015625 0.030556
0 0.200781 0.956944 0.017188 0.036111
0 0.184375 0.956944 0.015625 0.036111
0 0.135937 0.970833 0.018750 0.036111
0 0.230469 0.570833 0.014063 0.025000
0 0.264062 0.943056 0.015625 0.030556
0 0.143750 0.568056 0.018750 0.030556
0 0.262500 0.854167 0.015625 0.030556
0 0.430469 0.770833 0.017188 0.025000
