0 0.825000 0.309722 0.037500 0.069444
0 0.211719 0.680556 0.020313 0.033333
0 0.221094 0.831944 0.017188 0.036111
0 0.264062 0.818056 0.015625 0.036111
0 0.282031 0.819444 0.017188 0.033333
0 0.178906 0.912500 0.020313 0.036111
0 0.265625 0.458333 0.018750 0.027778
0 0.364844 0.587500 0.017188 0.025000
0 0.339062 0.722222 0.015625 0.033333
0 0.397656 0.423611 0.014063 0.025000
0 0.303125 0.441667 0.015625 0.022222
0 0.035156 0.505556 0.020313 0.033333
0 0.097656 0.458333 0.017188 0.027778
0 0.090625 0.505556 0.015625 0.033333
0 0.092188 0.663889 0.018750 0.033333
0 0.500781 0.643056 0.014063 0.025000
0 0.339844 0.808333 0.017188 0.033333
0 0.216406 0.437500 0.017188 0.025000
