0 0.852344 0.268056 0.035937 0.069444
0 0.199219 0.868056 0.020313 0.036111
0 0.110156 0.619444 0.017188 0.038889
0 0.229687 0.640278 0.021875 0.041667
0 0.237500 0.791667 0.018750 0.038889
0 0.299219 0.779167 0.017188 0.036111
0 0.281250 0.777778 0.015625 0.033333
0 0.281250 0.418056 0.018750 0.030556
0 0.381250 0.548611 0.015625 0.025000
0 0.357031 0.769444 0.017188 0.033333
0 0.114844 0.422222 0.023438 0.033333
0 0.109375 0.466667 0.018750 0.033333
0 0.055469 0.466667 0.020313 0.033333
0 0.388281 0.465278 0.014063 0.025000
0 0.321875 0.404167 0.015625 0.030556
