0 0.876563 0.223611 0.034375 0.075000
0 0.126562 0.590278 0.015625 0.036111
0 0.243750 0.608333 0.021875 0.033333
0 0.253906 0.755556 0.017188 0.033333
0 0.295312 0.743056 0.015625 0.036111
0 0.313281 0.743056 0.014063 0.030556
0 0.213281 0.833333 0.020313 0.033333
0 0.369531 0.734722 0.014063 0.030556
0 0.396094 0.520833 0.014063 0.030556
0 0.299219 0.384722 0.017188 0.030556
0 0.132031 0.387500 0.020313 0.030556
0 0.123438 0.431944 0.015625 0.030556
0 0.071094 0.433333 0.017188 0.038889
0 0.092969 0.645833 0.017188 0.030556
0 0.427344 0.355556 0.010937 0.022222
0 0.335156 0.372222 0.014063 0.027778
0 0.530469 0.576389 0.014063 0.030556
