0 0.905469 0.188889 0.042188 0.083333
0 0.232813 0.802778 0.018750 0.038889
0 0.314844 0.716667 0.014063 0.038889
0 0.332813 0.718056 0.018750 0.036111
0 0.270313 0.727778 0.021875 0.033333
0 0.261719 0.579167 0.020313 0.030556
0 0.147656 0.556944 0.020313 0.030556
0 0.150781 0.361111 0.023438 0.033333
0 0.315625 0.358333 0.018750 0.033333
0 0.414062 0.493056 0.018750 0.036111
0 0.388281 0.712500 0.017188 0.030556
0 0.092188 0.402778 0.021875 0.027778
0 0.143750 0.402778 0.018750 0.027778
0 0.547656 0.551389 0.014063 0.030556
0 0.446875 0.334722 0.012500 0.030556
