0 0.927344 0.152778 0.039062 0.083333
0 0.332031 0.693056 0.014063 0.036111
0 0.350781 0.695833 0.017188 0.036111
0 0.291406 0.704167 0.017188 0.036111
0 0.250781 0.781944 0.017188 0.036111
0 0.171094 0.334722 0.023438 0.036111
0 0.163281 0.386111 0.020313 0.033333
0 0.165625 0.537500 0.018750 0.036111
0 0.335156 0.337500 0.020313 0.030556
0 0.279687 0.555556 0.018750 0.027778
0 0.432812 0.472222 0.015625 0.033333
0 0.569531 0.533333 0.014063 0.038889
0 0.467187 0.316667 0.018750 0.033333
0 0.407031 0.691667 0.017188 0.038889
0 0.112500 0.381944 0.018750 0.030556
0 0.289062 0.318056 0.018750 0.025000
0 0.134375 0.594444 0.009375 0.022222
