0 0.576562 0.779167 0.034375 0.063889
0 0.631250 0.563889 0.068750 0.127778
0 0.828906 0.547222 0.057813 0.072222
0 0.760156 0.783333 0.048438 0.116667
0 0.494531 0.494444 0.051562 0.127778
0 0.512500 0.373611 0.053125 0.108333
0 0.250781 0.356944 0.054688 0.113889
0 0.028906 0.852778 0.057813 0.105556
0 0.214844 0.797222 0.048438 0.072222
0 0.424219 0.647222 0.035937 0.083333
0 0.489063 0.779167 0.021875 0.041667
0 0.225000 0.475000 0.018750 0.027778
0 0.274219 0.512500 0.014063 0.025000
0 0.312500 0.505556 0.018750 0.033333
0 0.017188 0.561111 0.031250 0.077778
0 0.285156 0.618056 0.023438 0.030556
0 0.623437 0.809722 0.012500 0.030556
0 0.690625 0.766667 0.025000 0.027778
0 0.499219 0.668056 0.017188 0.036111
