0 0.302344 0.544444 0.023438 0.033333
0 0.953125 0.115278 0.040625 0.075000
0 0.589844 0.516667 0.014063 0.027778
0 0.428906 0.679167 0.017188 0.036111
0 0.452344 0.461111 0.017188 0.038889
0 0.354687 0.323611 0.018750 0.036111
0 0.391406 0.311111 0.014063 0.027778
0 0.354687 0.679167 0.015625 0.036111
0 0.370312 0.681944 0.018750 0.036111
0 0.310937 0.690278 0.015625 0.030556
0 0.273438 0.763889 0.021875 0.033333
0 0.485938 0.301389 0.012500 0.030556
0 0.192969 0.323611 0.023438 0.030556
0 0.134375 0.369444 0.018750 0.033333
0 0.187500 0.523611 0.015625 0.036111
0 0.185938 0.368056 0.015625 0.030556
0 0.053906 0.634722 0.014063 0.030556
