0 0.377344 0.665278 0.014063 0.041667
0 0.393750 0.666667 0.015625 0.038889
0 0.334375 0.676389 0.021875 0.041667
0 0.296875 0.744444 0.021875 0.038889
0 0.323437 0.530556 0.021875 0.033333
0 0.448437 0.576389 0.018750 0.030556
0 0.450781 0.668056 0.017188 0.036111
0 0.378125 0.308333 0.018750 0.033333
0 0.216406 0.309722 0.020313 0.030556
0 0.211719 0.356944 0.017188 0.030556
0 0.214844 0.511111 0.017188 0.038889
0 0.157031 0.355556 0.017188 0.033333
0 0.476562 0.438889 0.015625 0.027778
0 0.100781 0.581944 0.014063 0.030556
0 0.482812 0.359722 0.012500 0.030556
0 0.510156 0.290278 0.017188 0.030556
0 0.614844 0.504167 0.014063 0.030556
