0 0.180469 0.340278 0.017188 0.030556
0 0.235156 0.291667 0.020313 0.027778
0 0.233594 0.493056 0.017188 0.030556
0 0.398438 0.652778 0.015625 0.038889
0 0.414062 0.655556 0.021875 0.033333
0 0.353906 0.662500 0.014063 0.036111
0 0.315625 0.737500 0.018750 0.036111
0 0.345313 0.512500 0.021875 0.030556
0 0.399219 0.293056 0.017188 0.036111
0 0.473438 0.652778 0.015625 0.033333
0 0.437500 0.283333 0.018750 0.027778
0 0.534375 0.273611 0.012500 0.030556
0 0.500000 0.430556 0.015625 0.033333
0 0.123438 0.566667 0.012500 0.027778
0 0.472656 0.566667 0.017188 0.033333
