0 0.368750 0.654167 0.015625 0.036111
0 0.410938 0.643056 0.012500 0.030556
0 0.428125 0.648611 0.015625 0.036111
0 0.328125 0.730556 0.018750 0.033333
0 0.360156 0.508333 0.017188 0.038889
0 0.249219 0.286111 0.023438 0.033333
0 0.247656 0.486111 0.020313 0.033333
0 0.415625 0.283333 0.018750 0.033333
0 0.489063 0.644444 0.015625 0.033333
0 0.194531 0.333333 0.020313 0.033333
0 0.451562 0.269444 0.015625 0.027778
0 0.657031 0.481944 0.014063 0.030556
0 0.246094 0.334722 0.017188 0.030556
0 0.367969 0.262500 0.017188 0.025000
0 0.141406 0.559722 0.014063 0.025000
0 0.220312 0.547222 0.018750 0.033333
0 0.514062 0.420833 0.015625 0.030556
0 0.521094 0.333333 0.014063 0.027778
