0 0.340625 0.727778 0.018750 0.033333
0 0.382031 0.652778 0.017188 0.038889
0 0.422656 0.643056 0.017188 0.036111
0 0.441406 0.644444 0.017188 0.033333
0 0.371094 0.500000 0.020313 0.027778
0 0.263281 0.483333 0.020313 0.033333
0 0.261719 0.276389 0.020313 0.030556
0 0.210156 0.323611 0.017188 0.030556
0 0.427344 0.276389 0.020313 0.030556
0 0.502344 0.641667 0.017188 0.033333
0 0.673438 0.476389 0.015625 0.025000
0 0.528906 0.412500 0.014063 0.030556
0 0.467187 0.263889 0.015625 0.027778
0 0.236719 0.543056 0.017188 0.025000
0 0.259375 0.330556 0.015625 0.033333
0 0.502344 0.551389 0.017188 0.030556
0 0.379688 0.259722 0.015625 0.025000
