0 0.278906 0.484722 0.017188 0.030556
0 0.387500 0.504167 0.018750 0.036111
0 0.398438 0.655556 0.018750 0.033333
0 0.357031 0.730556 0.020313 0.038889
0 0.440625 0.644444 0.015625 0.033333
0 0.457813 0.647222 0.018750 0.033333
0 0.224219 0.326389 0.017188 0.030556
0 0.279687 0.279167 0.018750 0.030556
0 0.443750 0.276389 0.015625 0.030556
0 0.175781 0.554167 0.014063 0.025000
0 0.519531 0.552778 0.014063 0.033333
0 0.520312 0.644444 0.018750 0.033333
0 0.480469 0.263889 0.020313 0.027778
0 0.544531 0.416667 0.017188 0.033333
0 0.692969 0.476389 0.020313 0.030556
0 0.254688 0.538889 0.015625 0.033333
0 0.277344 0.330556 0.017188 0.027778
0 0.394531 0.255556 0.017188 0.022222
