0 0.402344 0.504167 0.020313 0.030556
0 0.453906 0.647222 0.017188 0.033333
0 0.471875 0.650000 0.018750 0.033333
0 0.371094 0.733333 0.017188 0.033333
0 0.293750 0.487500 0.018750 0.036111
0 0.239063 0.330556 0.015625 0.027778
0 0.292187 0.331944 0.015625 0.030556
0 0.459375 0.279167 0.021875 0.036111
0 0.560937 0.415278 0.018750 0.036111
0 0.535937 0.645833 0.018750 0.036111
0 0.497656 0.263889 0.014063 0.027778
0 0.709375 0.480556 0.015625 0.033333
0 0.412500 0.658333 0.018750 0.033333
0 0.293750 0.281944 0.018750 0.036111
0 0.533594 0.556944 0.014063 0.030556
0 0.564844 0.323611 0.014063 0.030556
0 0.192188 0.555556 0.012500 0.027778
0 0.410156 0.259722 0.017188 0.030556
0 0.306250 0.350000 0.018750 0.027778
0 0.586719 0.398611 0.014063 0.030556
0 0.563281 0.473611 0.017188 0.030556
0 0.268750 0.541667 0.009375 0.022222
0 0.457031 0.375000 0.010937 0.016667
0 0.596875 0.668056 0.006250 0.013889
0 0.657813 0.672222 0.009375 0.016667
0 0.676562 0.705556 0.009375 0.016667
0 0.827344 0.679167 0.007812 0.013889
0 0.175781 0.587500 0.010937 0.013889
0 0.717187 0.555556 0.009375 0.016667
