0 0.484375 0.661111 0.018750 0.038889
0 0.466406 0.661111 0.017188 0.033333
0 0.423438 0.670833 0.018750 0.036111
0 0.383594 0.745833 0.017188 0.036111
0 0.306250 0.495833 0.018750 0.030556
0 0.305469 0.294444 0.020313 0.033333
0 0.251563 0.341667 0.015625 0.033333
0 0.303906 0.344444 0.017188 0.033333
0 0.471094 0.286111 0.017188 0.038889
0 0.413281 0.518056 0.020313 0.036111
0 0.510156 0.273611 0.017188 0.030556
0 0.546094 0.566667 0.017188 0.033333
0 0.547656 0.655556 0.017188 0.038889
0 0.722656 0.487500 0.014063 0.030556
0 0.573438 0.426389 0.018750 0.036111
0 0.599219 0.408333 0.017188 0.033333
0 0.578906 0.336111 0.017188 0.033333
0 0.282813 0.555556 0.015625 0.027778
0 0.204687 0.568056 0.015625 0.025000
0 0.318750 0.358333 0.015625 0.027778
