0 0.425000 0.527778 0.025000 0.033333
0 0.435156 0.684722 0.020313 0.036111
0 0.395313 0.761111 0.021875 0.038889
0 0.478125 0.670833 0.015625 0.036111
0 0.495312 0.675000 0.021875 0.033333
0 0.560937 0.669444 0.018750 0.038889
0 0.558594 0.579167 0.020313 0.030556
0 0.481250 0.298611 0.021875 0.036111
0 0.314844 0.308333 0.023438 0.038889
0 0.313281 0.356944 0.017188 0.030556
0 0.261719 0.355556 0.017188 0.033333
0 0.314844 0.511111 0.020313 0.038889
0 0.583594 0.437500 0.020313 0.036111
0 0.326562 0.370833 0.018750 0.025000
0 0.519531 0.283333 0.014063 0.027778
0 0.735156 0.500000 0.017188 0.033333
0 0.622656 0.694444 0.017188 0.027778
0 0.589063 0.345833 0.015625 0.030556
0 0.292969 0.569444 0.017188 0.027778
0 0.110937 0.561111 0.015625 0.027778
0 0.215625 0.580556 0.018750 0.022222
0 0.432812 0.283333 0.018750 0.033333
0 0.613281 0.419444 0.017188 0.033333
