0 0.510156 0.686111 0.017188 0.038889
0 0.490625 0.683333 0.018750 0.038889
0 0.446875 0.693056 0.018750 0.036111
0 0.409375 0.772222 0.018750 0.038889
0 0.435937 0.537500 0.021875 0.030556
0 0.491406 0.306944 0.020313 0.036111
0 0.325781 0.316667 0.020313 0.038889
0 0.324219 0.363889 0.017188 0.027778
0 0.336719 0.381944 0.017188 0.030556
0 0.325000 0.522222 0.018750 0.038889
0 0.597656 0.444444 0.017188 0.033333
0 0.572656 0.680556 0.020313 0.033333
0 0.532031 0.291667 0.017188 0.033333
0 0.748437 0.504167 0.015625 0.030556
0 0.602344 0.352778 0.014063 0.033333
0 0.624219 0.425000 0.014063 0.038889
0 0.303125 0.580556 0.018750 0.027778
0 0.271094 0.363889 0.017188 0.027778
0 0.225000 0.593056 0.015625 0.030556
0 0.571094 0.586111 0.017188 0.033333
0 0.207031 0.629167 0.014063 0.025000
