0 0.454688 0.552778 0.025000 0.033333
0 0.510938 0.695833 0.015625 0.036111
0 0.528906 0.698611 0.020313 0.036111
0 0.466406 0.706944 0.017188 0.036111
0 0.427344 0.786111 0.020313 0.038889
0 0.343750 0.534722 0.018750 0.036111
0 0.343750 0.327778 0.018750 0.038889
0 0.339844 0.377778 0.017188 0.033333
0 0.353906 0.393056 0.017188 0.030556
0 0.460938 0.298611 0.018750 0.025000
0 0.508594 0.318056 0.020313 0.036111
0 0.550000 0.300000 0.015625 0.033333
0 0.617188 0.454167 0.015625 0.036111
0 0.621094 0.361111 0.014063 0.027778
0 0.642969 0.433333 0.014063 0.033333
0 0.769531 0.513889 0.017188 0.033333
0 0.655469 0.716667 0.017188 0.027778
0 0.591406 0.691667 0.017188 0.038889
0 0.590625 0.597222 0.015625 0.033333
0 0.652344 0.287500 0.017188 0.025000
0 0.288281 0.377778 0.017188 0.027778
0 0.319531 0.591667 0.014063 0.027778
0 0.241406 0.608333 0.017188 0.027778
0 0.106250 0.719444 0.018750 0.033333
0 0.621094 0.511111 0.020313 0.027778
0 0.175781 0.588889 0.014063 0.022222
