0 0.379688 0.550000 0.018750 0.033333
0 0.353125 0.608333 0.015625 0.027778
0 0.464844 0.804167 0.020313 0.041667
0 0.504687 0.727778 0.015625 0.044444
0 0.550000 0.715278 0.015625 0.030556
0 0.567969 0.716667 0.017188 0.038889
0 0.492188 0.566667 0.021875 0.033333
0 0.378906 0.344444 0.020313 0.033333
0 0.321875 0.393056 0.021875 0.036111
0 0.496094 0.312500 0.017188 0.025000
0 0.545312 0.326389 0.018750 0.036111
0 0.273438 0.623611 0.015625 0.025000
0 0.654687 0.470833 0.018750 0.036111
0 0.682813 0.447222 0.015625 0.027778
0 0.657813 0.526389 0.015625 0.030556
0 0.808594 0.527778 0.020313 0.033333
0 0.629687 0.708333 0.015625 0.038889
0 0.584375 0.313889 0.018750 0.033333
0 0.685937 0.297222 0.012500 0.027778
0 0.661719 0.377778 0.017188 0.033333
0 0.374219 0.390278 0.017188 0.025000
0 0.389062 0.405556 0.018750 0.027778
0 0.625781 0.612500 0.017188 0.025000
0 0.210938 0.602778 0.015625 0.022222
0 0.175000 0.504167 0.018750 0.025000
0 0.760938 0.472222 0.012500 0.022222
0 0.758594 0.593056 0.020313 0.030556
