0 0.440625 0.559722 0.018750 0.030556
0 0.385156 0.405556 0.017188 0.033333
0 0.441406 0.351389 0.017188 0.036111
0 0.435156 0.398611 0.017188 0.025000
0 0.451562 0.415278 0.015625 0.030556
0 0.555469 0.575000 0.026562 0.033333
0 0.528125 0.820833 0.018750 0.041667
0 0.568750 0.737500 0.018750 0.036111
0 0.614844 0.725000 0.017188 0.038889
0 0.632812 0.727778 0.018750 0.038889
0 0.413281 0.612500 0.017188 0.030556
0 0.337500 0.629167 0.015625 0.030556
0 0.083594 0.866667 0.014063 0.033333
0 0.271875 0.609722 0.015625 0.025000
0 0.238281 0.612500 0.010937 0.025000
0 0.720313 0.475000 0.018750 0.038889
0 0.610156 0.336111 0.020313 0.038889
0 0.694531 0.719444 0.020313 0.038889
0 0.650000 0.319444 0.018750 0.033333
0 0.747656 0.302778 0.014063 0.027778
0 0.726562 0.380556 0.018750 0.027778
0 0.723437 0.533333 0.018750 0.027778
0 0.751563 0.455556 0.015625 0.033333
0 0.881250 0.536111 0.015625 0.038889
0 0.692969 0.626389 0.017188 0.030556
0 0.828906 0.602778 0.017188 0.038889
