0 0.528125 0.572222 0.018750 0.033333
0 0.499219 0.627778 0.014063 0.027778
0 0.421875 0.640278 0.015625 0.030556
0 0.472656 0.415278 0.014063 0.036111
0 0.529687 0.363889 0.021875 0.038889
0 0.521875 0.412500 0.015625 0.030556
0 0.535937 0.427778 0.015625 0.027778
0 0.645312 0.591667 0.025000 0.033333
0 0.659375 0.750000 0.018750 0.038889
0 0.620313 0.831944 0.018750 0.036111
0 0.510938 0.700000 0.015625 0.027778
0 0.491406 0.016667 0.014063 0.033333
0 0.346875 0.162500 0.018750 0.025000
0 0.646875 0.333333 0.018750 0.027778
0 0.359375 0.625000 0.015625 0.022222
0 0.178906 0.868056 0.014063 0.030556
0 0.700000 0.345833 0.021875 0.036111
0 0.740625 0.327778 0.018750 0.033333
0 0.696094 0.451389 0.023438 0.036111
0 0.725000 0.744444 0.018750 0.038889
0 0.707031 0.741667 0.017188 0.038889
0 0.788281 0.737500 0.020313 0.041667
0 0.840625 0.308333 0.018750 0.027778
0 0.821875 0.387500 0.015625 0.030556
0 0.815625 0.487500 0.015625 0.036111
0 0.849219 0.463889 0.020313 0.033333
0 0.986719 0.550000 0.017188 0.033333
0 0.851562 0.761111 0.015625 0.027778
0 0.786719 0.637500 0.017188 0.030556
0 0.815625 0.545833 0.018750 0.030556
0 0.928906 0.488889 0.014063 0.027778
