0 0.624219 0.587500 0.017188 0.036111
0 0.591406 0.644444 0.017188 0.027778
0 0.497656 0.693056 0.017188 0.030556
0 0.567969 0.430556 0.017188 0.033333
0 0.625000 0.380556 0.021875 0.033333
0 0.615625 0.427778 0.018750 0.033333
0 0.746094 0.605556 0.023438 0.038889
0 0.717969 0.855556 0.020313 0.044444
0 0.759375 0.773611 0.018750 0.041667
0 0.811719 0.765278 0.020313 0.041667
0 0.832812 0.763889 0.018750 0.038889
0 0.800000 0.358333 0.025000 0.038889
0 0.923438 0.501389 0.028125 0.036111
0 0.894531 0.759722 0.017188 0.041667
0 0.893750 0.658333 0.018750 0.033333
0 0.845313 0.341667 0.018750 0.033333
0 0.744531 0.343056 0.023438 0.025000
0 0.946094 0.318056 0.020313 0.025000
0 0.932031 0.400000 0.020313 0.027778
0 0.021875 0.462500 0.037500 0.075000
0 0.277344 0.875000 0.014063 0.027778
0 0.422656 0.637500 0.010937 0.019444
0 0.445312 0.183333 0.015625 0.027778
0 0.094531 0.784722 0.020313 0.041667
0 0.630469 0.443056 0.017188 0.025000
0 0.958594 0.483333 0.017188 0.033333
0 0.961719 0.787500 0.017188 0.030556
0 0.514844 0.658333 0.017188 0.027778
0 0.022656 0.663889 0.029687 0.050000
