0 0.073438 0.222222 0.050000 0.072222
0 0.120313 0.034722 0.046875 0.058333
0 0.190625 0.484722 0.031250 0.069444
0 0.158594 0.816667 0.032813 0.055556
0 0.045312 0.519444 0.031250 0.055556
0 0.117188 0.229167 0.034375 0.075000
0 0.702344 0.440278 0.017188 0.030556
0 0.761719 0.598611 0.020313 0.036111
0 0.646875 0.670833 0.015625 0.030556
0 0.575781 0.191667 0.017188 0.022222
0 0.760156 0.384722 0.020313 0.030556
0 0.752344 0.434722 0.020313 0.036111
0 0.766406 0.450000 0.014063 0.027778
0 0.866406 0.872222 0.023438 0.050000
0 0.966406 0.779167 0.020313 0.047222
0 0.987500 0.783333 0.018750 0.050000
0 0.910937 0.788889 0.025000 0.038889
0 0.893750 0.619444 0.025000 0.038889
0 0.950000 0.354167 0.028125 0.036111
0 0.896094 0.340278 0.023438 0.041667
0 0.724219 0.655556 0.017188 0.033333
0 0.581250 0.652778 0.015625 0.022222
0 0.552344 0.650000 0.014063 0.022222
0 0.714844 0.034722 0.017188 0.030556
0 0.413281 0.884722 0.014063 0.025000
0 0.240625 0.788889 0.018750 0.033333
0 0.307812 0.911111 0.015625 0.027778
0 0.307812 0.327778 0.015625 0.027778
0 0.183594 0.672222 0.023438 0.044444
