0 0.385156 0.497222 0.032813 0.061111
0 0.360156 0.818056 0.023438 0.047222
0 0.288281 0.979167 0.032813 0.036111
0 0.259375 0.534722 0.031250 0.052778
0 0.185938 0.213889 0.028125 0.044444
0 0.160938 0.258333 0.031250 0.050000
0 0.149219 0.158333 0.029687 0.061111
0 0.326562 0.072222 0.037500 0.061111
0 0.289062 0.256944 0.040625 0.069444
0 0.322656 0.259722 0.032813 0.063889
0 0.482812 0.343056 0.018750 0.030556
0 0.899219 0.431944 0.023438 0.030556
0 0.964844 0.370833 0.026562 0.047222
0 0.966406 0.597222 0.020313 0.044444
0 0.923438 0.656944 0.018750 0.030556
0 0.836719 0.672222 0.017188 0.027778
0 0.757031 0.183333 0.017188 0.027778
0 0.593750 0.891667 0.012500 0.027778
0 0.492969 0.912500 0.017188 0.019444
0 0.953906 0.425000 0.023438 0.033333
0 0.971094 0.440278 0.020313 0.030556
0 0.253125 0.244444 0.037500 0.072222
0 0.089063 0.372222 0.028125 0.050000
0 0.409375 0.712500 0.015625 0.030556
