0 0.525000 0.086111 0.031250 0.055556
0 0.520312 0.269444 0.031250 0.055556
0 0.489063 0.269444 0.034375 0.061111
0 0.456250 0.272222 0.034375 0.072222
0 0.382031 0.236111 0.026562 0.050000
0 0.366406 0.279167 0.042188 0.052778
0 0.461719 0.540278 0.029687 0.058333
0 0.582031 0.502778 0.029687 0.066667
0 0.492969 0.973611 0.035937 0.041667
0 0.562500 0.822222 0.028125 0.055556
0 0.602344 0.723611 0.023438 0.047222
0 0.679688 0.922222 0.012500 0.022222
0 0.614844 0.797222 0.017188 0.033333
0 0.788281 0.901389 0.014063 0.025000
0 0.303906 0.390278 0.032813 0.052778
0 0.962500 0.158333 0.018750 0.033333
0 0.666406 0.338889 0.017188 0.027778
0 0.923438 0.272222 0.015625 0.022222
0 0.903125 0.790278 0.018750 0.030556
