0 0.200000 0.398611 0.059375 0.113889
0 0.039844 0.108333 0.067187 0.105556
0 0.695312 0.279167 0.037500 0.063889
0 0.725000 0.091667 0.037500 0.072222
0 0.557813 0.300000 0.034375 0.061111
0 0.572656 0.251389 0.029687 0.058333
0 0.498437 0.415278 0.028125 0.058333
0 0.785156 0.515278 0.035937 0.069444
0 0.656250 0.551389 0.031250 0.052778
0 0.764844 0.836111 0.035937 0.050000
0 0.800781 0.733333 0.032813 0.055556
0 0.592187 0.061111 0.025000 0.055556
0 0.809375 0.815278 0.015625 0.036111
0 0.467187 0.808333 0.034375 0.055556
0 0.023438 0.515278 0.025000 0.041667
