0 0.410938 0.420833 0.050000 0.108333
0 0.257031 0.165278 0.064062 0.102778
0 0.039844 0.551389 0.079687 0.113889
0 0.150000 0.540278 0.059375 0.086111
0 0.210938 0.520833 0.065625 0.086111
0 0.149219 0.733333 0.073438 0.122222
0 0.652344 0.830556 0.039062 0.061111
0 0.897656 0.286111 0.045312 0.066667
0 0.855469 0.281944 0.039062 0.063889
0 0.775000 0.069444 0.028125 0.061111
0 0.929688 0.081944 0.046875 0.069444
0 0.736719 0.295833 0.039062 0.041667
0 0.757031 0.254167 0.032813 0.058333
0 0.685156 0.427778 0.035937 0.050000
0 0.847656 0.566667 0.029687 0.044444
0 0.985938 0.526389 0.025000 0.075000
0 0.969531 0.876389 0.035937 0.063889
