0 0.198437 0.561111 0.078125 0.105556
0 0.295312 0.543056 0.056250 0.069444
0 0.349219 0.529167 0.054688 0.069444
0 0.297656 0.748611 0.079687 0.119444
0 0.403125 0.177778 0.062500 0.100000
0 0.546094 0.433333 0.051562 0.111111
0 0.816406 0.436111 0.042188 0.061111
0 0.783594 0.852778 0.039062 0.061111
0 0.874219 0.305556 0.032813 0.061111
0 0.910937 0.059722 0.031250 0.058333
0 0.947656 0.052778 0.029687 0.066667
0 0.989844 0.584722 0.017188 0.063889
0 0.077344 0.536111 0.032813 0.055556
0 0.503906 0.295833 0.039062 0.075000
