0 0.450781 0.291667 0.048438 0.116667
0 0.032031 0.398611 0.064062 0.136111
0 0.179688 0.480556 0.071875 0.072222
0 0.140625 0.600000 0.090625 0.127778
0 0.244531 0.451389 0.064062 0.063889
0 0.282813 0.551389 0.031250 0.069444
0 0.285156 0.037500 0.070312 0.075000
0 0.696094 0.233333 0.039062 0.066667
0 0.820312 0.251389 0.031250 0.058333
0 0.957812 0.152778 0.040625 0.072222
0 0.960938 0.512500 0.028125 0.047222
0 0.798438 0.173611 0.031250 0.058333
0 0.837500 0.209722 0.031250 0.052778
0 0.756250 0.822222 0.028125 0.050000
