0 0.377344 0.231944 0.054688 0.119444
0 0.085156 0.430556 0.070312 0.094444
0 0.032031 0.540278 0.064062 0.141667
0 0.217969 0.518056 0.035937 0.086111
0 0.702344 0.795833 0.035937 0.063889
0 0.910156 0.477778 0.039062 0.055556
0 0.951562 0.090278 0.046875 0.080556
0 0.788281 0.175000 0.032813 0.050000
0 0.746875 0.127778 0.031250 0.050000
0 0.650781 0.184722 0.032813 0.047222
0 0.717187 0.337500 0.028125 0.052778
0 0.771094 0.218056 0.032813 0.052778
0 0.438281 0.925000 0.029687 0.050000
0 0.159375 0.402778 0.062500 0.072222
