0 0.292969 0.172222 0.064062 0.116667
0 0.142969 0.500000 0.045312 0.088889
0 0.063281 0.366667 0.070312 0.077778
0 0.914062 0.054167 0.053125 0.075000
0 0.864844 0.058333 0.048438 0.083333
0 0.746875 0.138889 0.028125 0.050000
0 0.727344 0.191667 0.032813 0.050000
0 0.704688 0.095833 0.031250 0.063889
0 0.600000 0.147222 0.043750 0.055556
0 0.869531 0.451389 0.035937 0.058333
0 0.653906 0.784722 0.039062 0.063889
0 0.959375 0.740278 0.031250 0.041667
0 0.674219 0.306944 0.032813 0.047222
0 0.660156 0.662500 0.020313 0.041667
