0 0.178125 0.313889 0.071875 0.150000
0 0.259375 0.755556 0.053125 0.066667
0 0.210938 0.911111 0.056250 0.094444
0 0.380469 0.548611 0.035937 0.069444
0 0.467969 0.538889 0.026562 0.038889
0 0.402344 0.609722 0.020313 0.036111
0 0.700000 0.626389 0.018750 0.036111
0 0.562500 0.665278 0.018750 0.030556
0 0.906250 0.302778 0.018750 0.027778
0 0.912500 0.159722 0.025000 0.041667
0 0.884375 0.195833 0.018750 0.036111
0 0.431250 0.680556 0.012500 0.022222
0 0.687500 0.370833 0.009375 0.019444
0 0.250781 0.606944 0.029687 0.058333
