0 0.030469 0.343056 0.057813 0.163889
0 0.140625 0.795833 0.050000 0.075000
0 0.081250 0.962500 0.050000 0.069444
0 0.287500 0.576389 0.034375 0.052778
0 0.493750 0.687500 0.015625 0.030556
0 0.392188 0.558333 0.018750 0.038889
0 0.330469 0.634722 0.020313 0.041667
0 0.630469 0.645833 0.014063 0.036111
0 0.828906 0.322222 0.014063 0.027778
0 0.808594 0.220833 0.014063 0.036111
0 0.832031 0.183333 0.020313 0.033333
0 0.970313 0.336111 0.021875 0.038889
0 0.364844 0.709722 0.020313 0.036111
0 0.613281 0.393056 0.023438 0.030556
0 0.130469 0.648611 0.035937 0.058333
