0 0.080469 0.848611 0.064062 0.091667
0 0.238281 0.597222 0.032813 0.077778
0 0.167969 0.580556 0.035937 0.077778
0 0.458594 0.705556 0.017188 0.033333
0 0.355469 0.579167 0.017188 0.041667
0 0.296094 0.648611 0.023438 0.041667
0 0.932813 0.347222 0.018750 0.038889
0 0.792969 0.338889 0.020313 0.033333
0 0.793750 0.198611 0.015625 0.036111
0 0.771875 0.236111 0.021875 0.033333
0 0.596094 0.658333 0.017188 0.033333
0 0.967187 0.270833 0.021875 0.036111
0 0.582031 0.405556 0.020313 0.027778
0 0.330469 0.722222 0.020313 0.038889
0 0.069531 0.686111 0.045312 0.061111
