0 0.189844 0.630556 0.035937 0.077778
0 0.113281 0.605556 0.039062 0.094444
0 0.321875 0.595833 0.025000 0.036111
0 0.255469 0.673611 0.020313 0.041667
0 0.296094 0.748611 0.017188 0.041667
0 0.428125 0.729167 0.018750 0.030556
0 0.568750 0.673611 0.018750 0.036111
0 0.760938 0.216667 0.015625 0.033333
0 0.760938 0.355556 0.015625 0.027778
0 0.901563 0.356944 0.028125 0.030556
0 0.935937 0.284722 0.015625 0.047222
0 0.924219 0.144444 0.023438 0.027778
0 0.739844 0.250000 0.017188 0.033333
0 0.020313 0.897222 0.040625 0.072222
