0 0.080469 0.720833 0.042188 0.069444
0 0.250000 0.645833 0.028125 0.058333
0 0.231250 0.788889 0.021875 0.033333
0 0.367188 0.770833 0.018750 0.036111
0 0.513281 0.713889 0.020313 0.050000
0 0.708594 0.390278 0.020313 0.030556
0 0.710156 0.244444 0.017188 0.038889
0 0.975000 0.362500 0.025000 0.036111
0 0.852344 0.388889 0.020313 0.033333
0 0.985156 0.050000 0.026562 0.061111
0 0.884375 0.313889 0.021875 0.038889
0 0.864844 0.148611 0.020313 0.025000
0 0.685937 0.273611 0.015625 0.036111
0 0.496094 0.451389 0.023438 0.036111
