0 0.493750 0.734722 0.018750 0.041667
0 0.228125 0.668056 0.021875 0.052778
0 0.208594 0.808333 0.023438 0.033333
0 0.475781 0.465278 0.020313 0.030556
0 0.835156 0.401389 0.023438 0.036111
0 0.978125 0.062500 0.031250 0.052778
0 0.964844 0.375000 0.023438 0.044444
0 0.645312 0.536111 0.018750 0.033333
0 0.694531 0.247222 0.026562 0.044444
0 0.668750 0.283333 0.015625 0.033333
0 0.692969 0.400000 0.017188 0.027778
0 0.035156 0.766667 0.045312 0.088889
0 0.346875 0.793056 0.018750 0.030556
0 0.183594 0.765278 0.020313 0.030556
0 0.872656 0.325000 0.020313 0.033333
0 0.283594 0.363889 0.026562 0.038889
0 0.849219 0.154167 0.017188 0.030556
