0 0.486719 0.747222 0.017188 0.038889
0 0.335938 0.809722 0.015625 0.041667
0 0.209375 0.688889 0.028125 0.055556
0 0.201563 0.825000 0.021875 0.038889
0 0.170313 0.784722 0.021875 0.047222
0 0.271094 0.376389 0.023438 0.047222
0 0.685937 0.406944 0.021875 0.036111
0 0.833594 0.409722 0.023438 0.036111
0 0.468750 0.479167 0.018750 0.030556
0 0.843750 0.162500 0.012500 0.030556
0 0.854688 0.176389 0.015625 0.036111
0 0.868750 0.329167 0.021875 0.025000
0 0.017969 0.798611 0.035937 0.086111
0 0.975781 0.065278 0.029687 0.052778
0 0.960938 0.384722 0.025000 0.047222
