0 0.203906 0.719444 0.020313 0.044444
0 0.160938 0.819444 0.028125 0.038889
0 0.135156 0.801389 0.026562 0.041667
0 0.488281 0.775000 0.020313 0.044444
0 0.336719 0.836111 0.023438 0.038889
0 0.689063 0.273611 0.021875 0.041667
0 0.971094 0.401389 0.026562 0.047222
0 0.838281 0.429167 0.023438 0.036111
0 0.984375 0.076389 0.028125 0.069444
0 0.262500 0.401389 0.025000 0.052778
0 0.876563 0.348611 0.021875 0.030556
0 0.691406 0.429167 0.017188 0.036111
0 0.468750 0.495833 0.021875 0.041667
0 0.198437 0.855556 0.025000 0.033333
