0 0.216406 0.736111 0.023438 0.044444
0 0.175000 0.831944 0.025000 0.036111
0 0.149219 0.819444 0.023438 0.038889
0 0.503125 0.788889 0.021875 0.044444
0 0.713281 0.438889 0.026562 0.027778
0 0.897656 0.361111 0.020313 0.033333
0 0.859375 0.440278 0.021875 0.041667
0 0.711719 0.284722 0.023438 0.036111
0 0.685937 0.320833 0.018750 0.047222
0 0.483594 0.511111 0.023438 0.038889
0 0.276562 0.416667 0.028125 0.061111
0 0.484375 0.023611 0.015625 0.036111
0 0.350000 0.855556 0.021875 0.038889
0 0.207813 0.872222 0.021875 0.033333
