0 0.375000 0.873611 0.021875 0.036111
0 0.239063 0.751389 0.031250 0.047222
0 0.198437 0.847222 0.031250 0.033333
0 0.173437 0.833333 0.037500 0.044444
0 0.528125 0.812500 0.021875 0.036111
0 0.742188 0.291667 0.018750 0.038889
0 0.742969 0.456944 0.023438 0.036111
0 0.296094 0.429167 0.026562 0.041667
0 0.897656 0.450000 0.020313 0.027778
0 0.938281 0.370833 0.023438 0.041667
0 0.578906 0.013889 0.023438 0.022222
0 0.716406 0.334722 0.017188 0.041667
0 0.512500 0.525000 0.028125 0.038889
0 0.239063 0.883333 0.031250 0.033333
