0 0.411719 0.895833 0.020313 0.036111
0 0.273438 0.768056 0.028125 0.047222
0 0.017969 0.906944 0.035937 0.113889
0 0.110156 0.722222 0.029687 0.055556
0 0.553906 0.547222 0.026562 0.044444
0 0.792969 0.468056 0.023438 0.030556
0 0.791406 0.304167 0.023438 0.036111
0 0.571875 0.834722 0.021875 0.036111
0 0.274219 0.904167 0.023438 0.036111
0 0.237500 0.862500 0.021875 0.036111
0 0.207031 0.845833 0.023438 0.041667
0 0.332031 0.444444 0.029687 0.050000
0 0.957031 0.470833 0.023438 0.036111
0 0.972656 0.200000 0.020313 0.038889
0 0.766406 0.340278 0.020313 0.052778
