0 0.606250 0.577778 0.018750 0.044444
0 0.625781 0.877778 0.023438 0.038889
0 0.318750 0.797222 0.028125 0.055556
0 0.255469 0.883333 0.023438 0.055556
0 0.150000 0.758333 0.028125 0.055556
0 0.852344 0.500000 0.020313 0.027778
0 0.853906 0.326389 0.026562 0.036111
0 0.825781 0.368056 0.017188 0.036111
0 0.372656 0.468056 0.026562 0.052778
0 0.803125 0.659722 0.021875 0.036111
0 0.460938 0.937500 0.021875 0.030556
0 0.321094 0.941667 0.020313 0.038889
0 0.024219 0.945833 0.045312 0.097222
0 0.137500 0.644444 0.021875 0.038889
0 0.433594 0.013889 0.017188 0.027778
0 0.684375 0.043056 0.021875 0.036111
