0 0.854688 0.494444 0.034375 0.050000
0 0.851562 0.748611 0.034375 0.052778
0 0.517969 0.804167 0.032813 0.052778
0 0.042969 0.311111 0.032813 0.033333
0 0.328906 0.043056 0.032813 0.052778
0 0.669531 0.112500 0.023438 0.052778
0 0.796875 0.919444 0.028125 0.044444
0 0.713281 0.787500 0.029687 0.052778
0 0.187500 0.854167 0.040625 0.091667
0 0.245312 0.368056 0.034375 0.063889
0 0.943750 0.651389 0.037500 0.047222
0 0.936719 0.701389 0.035937 0.036111
0 0.818750 0.547222 0.021875 0.061111
0 0.745313 0.333333 0.018750 0.038889
