0 0.194531 0.381944 0.029687 0.058333
0 0.116406 0.920833 0.042188 0.086111
0 0.482031 0.845833 0.029687 0.047222
0 0.838281 0.794444 0.032813 0.055556
0 0.775000 0.963889 0.025000 0.050000
0 0.839844 0.526389 0.045312 0.052778
0 0.799219 0.580556 0.026562 0.061111
0 0.285156 0.043056 0.029687 0.063889
0 0.688281 0.829167 0.035937 0.058333
0 0.921094 0.737500 0.042188 0.047222
0 0.638281 0.123611 0.026562 0.030556
0 0.324219 0.108333 0.023438 0.038889
0 0.719531 0.350000 0.020313 0.038889
0 0.298438 0.716667 0.025000 0.044444
0 0.049219 0.531944 0.020313 0.036111
