0 0.828906 0.536111 0.045312 0.061111
0 0.617188 0.113889 0.021875 0.033333
0 0.246875 0.030556 0.031250 0.061111
0 0.147656 0.390278 0.035937 0.075000
0 0.454688 0.875000 0.034375 0.066667
0 0.825781 0.820833 0.029687 0.052778
0 0.762500 0.970833 0.031250 0.047222
0 0.788281 0.595833 0.035937 0.075000
0 0.267188 0.394444 0.021875 0.044444
0 0.290625 0.100000 0.025000 0.033333
0 0.915625 0.769444 0.031250 0.061111
0 0.702344 0.351389 0.020313 0.036111
0 0.053906 0.965278 0.048438 0.063889
0 0.261719 0.747222 0.023438 0.050000
