0 0.659375 0.425000 0.050000 0.072222
0 0.617188 0.493056 0.028125 0.080556
0 0.421094 0.844444 0.039062 0.055556
0 0.243750 0.831944 0.046875 0.058333
0 0.015625 0.262500 0.028125 0.063889
0 0.982031 0.747222 0.032813 0.083333
0 0.763281 0.706944 0.048438 0.058333
0 0.656250 0.765278 0.034375 0.069444
0 0.614844 0.926389 0.032813 0.063889
0 0.984375 0.243056 0.028125 0.047222
0 0.776563 0.595833 0.028125 0.052778
0 0.909375 0.758333 0.031250 0.044444
0 0.974219 0.656944 0.029687 0.058333
0 0.523438 0.201389 0.025000 0.047222
